   2.0447223e+01  -6.6534758e-01  -2.4604274e-01
   2.0488486e+01  -6.0512881e-01  -1.6110282e-01
   2.0494172e+01  -5.9317742e-01  -6.1507527e-02
   2.0493614e+01  -6.1219666e-01   3.4364445e-02
   2.0496661e+01  -5.9806722e-01   1.3776066e-01
   2.0501054e+01  -6.0021220e-01   2.3788780e-01
   2.0499697e+01  -5.9807135e-01   3.3889045e-01
   2.0499808e+01  -6.0285793e-01   4.3931655e-01
   2.0502315e+01  -6.1383219e-01   5.3800411e-01
   2.0504489e+01  -6.1629588e-01   6.3522059e-01
   2.0509003e+01  -6.0591688e-01   7.3599805e-01
   2.0515134e+01  -6.1341117e-01   8.3454947e-01
   2.0524251e+01  -6.1066347e-01   9.3873773e-01
   2.0535343e+01  -6.1364072e-01   1.0360102e+00
   2.0535797e+01  -6.1358758e-01   1.1406817e+00
   2.0537989e+01  -6.0284173e-01   1.2348102e+00
   2.0542294e+01  -6.0416748e-01   1.3353593e+00
   2.0551479e+01  -6.0374063e-01   1.4366844e+00
   2.0550735e+01  -5.9866880e-01   1.5401248e+00
   2.0555952e+01  -5.9892353e-01   1.6377794e+00
   2.0552819e+01  -5.9326567e-01   1.7356724e+00
   2.0554697e+01  -6.0084000e-01   1.8381880e+00
   2.0558693e+01  -5.9275888e-01   1.9390879e+00
   2.0571244e+01  -5.7986923e-01   2.0368273e+00
   2.0576042e+01  -5.8603758e-01   2.1428891e+00
   2.0573815e+01  -6.0545730e-01   2.2407015e+00
   1.9758739e+01  -2.1510741e-01   2.3432296e+00
   2.0625159e+01  -6.3682595e-01   2.3402838e+00
   2.1064843e+01  -1.0842162e-01   2.3496811e+00
   2.0994448e+01  -4.1095323e-01   2.4228839e+00
   2.0518353e+01  -5.5620119e-01   2.4395056e+00
   1.9544858e+01   1.5558333e-02   2.4349250e+00
   2.0736200e+01  -1.1357344e+00   2.4411539e+00
   1.9864670e+01  -4.1391277e-01   2.4435851e+00
   2.1133458e+01  -6.2633845e-01   2.5398500e+00
   2.0641032e+01  -4.4256816e-01   2.5320235e+00
   1.9745138e+01  -4.5470588e-01   2.5321812e+00
   2.0095687e+01  -8.1968367e-01   2.5359224e+00
   2.0726464e+01  -1.2432369e+00   2.5325298e+00
   2.1179583e+01  -9.4175000e-01   2.5372000e+00
   2.1022840e+01  -1.0936100e+00   2.5389600e+00
   2.1170131e+01   5.2147368e-02   2.5550579e+00
   2.0153498e+01  -6.9936364e-01   2.6373812e+00
   2.0721071e+01  -1.3372260e+00   2.6415055e+00
   2.0893666e+01  -5.7353788e-02   2.6415341e+00
   2.1226368e+01  -6.3700358e-01   2.6402000e+00
   2.0677160e+01  -5.7264805e-01   2.7447123e+00
   1.9651610e+01  -9.3914594e-01   2.7348351e+00
   2.1330696e+01  -6.5857000e-01   2.7520167e+00
   2.0717635e+01  -1.4106521e+00   2.7401775e+00
   2.0840990e+01   6.8758209e-02   2.7402478e+00
   2.1643115e+01  -4.0201538e-01   2.7544539e+00
   2.0746931e+01  -5.1769391e-01   2.8379635e+00
   2.0885945e+01   1.8200976e-01   2.8324195e+00
   2.0570297e+01  -1.5950537e+00   2.8370493e+00
   2.1069976e+01  -1.4388941e+00   2.8305529e+00
   1.9520055e+01  -1.1872615e+00   2.8426000e+00
   2.1414058e+01  -6.3101250e-01   2.8208125e+00
   2.0152442e+01  -7.2047500e-01   2.8708333e+00
   2.0909928e+01  -2.3216667e-01   2.9142000e+00
   1.9385381e+01  -1.2810079e+00   2.9284355e+00
   2.0453661e+01  -5.6471000e-01   2.9361517e+00
   2.0605681e+01  -1.5432333e+00   2.9295833e+00
   2.1318596e+01   2.2049130e-01   2.9302957e+00
   2.1155471e+01  -1.5103643e+00   2.9255714e+00
   2.1502916e+01  -6.6130527e-01   2.9473842e+00
   2.0915332e+01   3.7040541e-01   2.9363613e+00
   2.0605567e+01  -4.2533355e-01   3.0380625e+00
   1.9387352e+01  -1.3952845e+00   3.0412175e+00
   2.0811350e+01   5.0790403e-01   3.0387556e+00
   1.9840995e+01  -6.9049999e-01   3.0319421e+00
   2.0544145e+01  -1.5567766e+00   3.0389064e+00
   2.1637193e+01  -6.9345000e-01   3.0418536e+00
   2.0684177e+01  -5.5085197e-01   3.1431382e+00
   2.0619996e+01  -4.5235556e-02   3.1380711e+00
   2.0811514e+01   5.9236162e-01   3.1330343e+00
   1.9268521e+01  -1.4505223e+00   3.1310277e+00
   1.9822014e+01  -6.6087857e-01   3.1392143e+00
   2.0532248e+01  -1.5804828e+00   3.1363034e+00
   2.1759800e+01  -6.2180500e-01   3.1427550e+00
   2.0945305e+01   5.7521698e-01   3.2369340e+00
   2.0649016e+01  -6.0190000e-01   3.2345299e+00
   2.1834668e+01  -6.3850000e-01   3.2526909e+00
   2.0642237e+01   9.2111110e-02   3.2417963e+00
   1.8914522e+01  -1.2833391e+00   3.2352826e+00
   2.0234708e+01  -6.6414166e-01   3.2517000e+00
   1.8836356e+01  -1.2898167e+00   3.3335944e+00
   2.1087080e+01   5.1163200e-01   3.3310280e+00
   2.0652233e+01  -5.6951337e-01   3.3417698e+00
   2.0284275e+01  -6.6910500e-01   3.3227150e+00
   2.1089681e+01   8.2295000e-01   3.3273875e+00
   2.0669237e+01   2.4141972e-01   3.3376732e+00
   2.0792656e+01   5.9185313e-01   3.3426250e+00
   2.1918372e+01  -5.9370000e-01   3.3319389e+00
   2.0736383e+01   4.8703500e-01   3.4309167e+00
   2.0696355e+01  -5.5703808e-01   3.4413586e+00
   1.8815373e+01  -1.3029455e+00   3.4139637e+00
   2.1962470e+01  -5.7231112e-01   3.4415556e+00
   1.9707735e+01  -4.8991764e-01   3.4281882e+00
   2.0424543e+01  -1.2869125e+00   3.4419500e+00
   2.1121855e+01   5.4604546e-01   3.4412728e+00
   2.1127823e+01   5.3247059e-01   3.5239824e+00
   2.0651019e+01  -5.2164256e-01   3.5369740e+00
   2.0022562e+01  -7.4533103e-01   3.5344379e+00
   2.0747160e+01   5.1806364e-01   3.5391922e+00
   2.1438516e+01  -4.5099474e-01   3.5319491e+00
   2.1999963e+01  -5.9292632e-01   3.5215421e+00
   2.0771019e+01   5.4189841e-01   3.6338524e+00
   2.0680445e+01  -4.2966443e-01   3.6371672e+00
   2.1527322e+01  -6.2714444e-01   3.6324667e+00
   2.0769127e+01  -3.5867265e-01   3.7349388e+00
   2.0236893e+01  -9.4941342e-01   3.7459745e+00
   2.1611548e+01  -5.3372222e-01   3.7356407e+00
   2.0780035e+01   6.3083103e-01   3.7305862e+00
   2.0509736e+01   5.2585714e-01   3.7328786e+00
   2.1532169e+01   3.7330000e-01   3.8262938e+00
   2.0637957e+01  -6.2218110e-01   3.8399018e+00
   1.9859840e+01  -8.5046312e-01   3.8355036e+00
   1.9998022e+01  -1.2976722e+00   3.8337556e+00
   2.0930667e+01   1.6196327e-01   3.8432857e+00
   2.0829888e+01   6.5809412e-01   3.8339882e+00
   1.9705642e+01  -4.8329999e-01   3.8484166e+00
   1.9509283e+01  -7.3837288e-01   3.9350619e+00
   2.1234788e+01  -3.0252941e-01   3.9455412e+00
   2.0568314e+01  -6.1524809e-01   3.9371470e+00
   2.0912227e+01   2.5984318e-01   3.9389852e+00
   2.0871416e+01   6.8339231e-01   3.9312154e+00
   2.0273790e+01  -7.9170000e-02   3.9298000e+00
   2.1726955e+01  -4.1120910e-01   3.9480727e+00
   2.1412896e+01   3.2908182e-01   3.9471909e+00
   2.0966609e+01   3.6585309e-01   4.0313333e+00
   2.0711485e+01  -4.3921989e-01   4.0446534e+00
   2.0174157e+01  -7.4225104e-01   4.0417031e+00
   2.1315545e+01   3.3340000e-01   4.0165546e+00
   1.9329585e+01  -8.7701211e-01   4.0265000e+00
   2.1737190e+01  -3.7427000e-01   4.0403400e+00
   2.0425111e+01  -2.3483519e-01   4.1361685e+00
   2.1034288e+01   5.7131038e-01   4.1386670e+00
   2.1053074e+01  -5.7013333e-01   4.1303222e+00
   2.0741249e+01  -4.8425941e-01   4.1351010e+00
   2.0074560e+01  -8.3268000e-01   4.1321611e+00
   2.1771473e+01  -3.6553636e-01   4.1325364e+00
   1.9254807e+01  -8.9284643e-01   4.1356107e+00
   2.0679451e+01  -5.8454222e-01   4.2356067e+00
   2.1105158e+01   7.5875673e-01   4.2307385e+00
   1.9925811e+01  -9.9396129e-01   4.2474838e+00
   2.0361550e+01  -1.3877143e-01   4.2438190e+00
   1.9174210e+01  -9.0433685e-01   4.2331526e+00
   2.0071836e+01  -1.1026643e+00   4.2080929e+00
   2.1173236e+01  -6.8333572e-01   4.2433286e+00
   2.0774418e+01  -8.8960001e-01   4.2442470e+00
   2.0358304e+01   7.4332291e-02   4.3484208e+00
   2.1416838e+01  -5.8844333e-01   4.3431533e+00
   1.9815375e+01  -1.0081275e+00   4.3267768e+00
   1.9989831e+01   5.6000001e-03   4.3366539e+00
   2.0737921e+01  -8.7451428e-01   4.3017572e+00
   2.1045961e+01   9.1074028e-01   4.3429444e+00
   2.0730575e+01  -4.9792000e-01   4.3424675e+00
   2.0359060e+01   2.1444855e-01   4.4279017e+00
   2.0723383e+01  -5.7865044e-01   4.4384062e+00
   2.1049304e+01   1.0191868e+00   4.4338516e+00
   1.9631734e+01  -1.1709798e+00   4.4390596e+00
   2.1390034e+01  -6.5490732e-01   4.4300707e+00
   2.0179731e+01   1.6573299e-01   4.5346804e+00
   1.9926527e+01   1.5402727e-01   4.5422181e+00
   1.9491012e+01  -1.1973587e+00   4.5345217e+00
   2.0711436e+01  -5.8499740e-01   4.5380955e+00
   2.1326190e+01   1.0557100e+00   4.5110901e+00
   2.1005613e+01   1.0881361e+00   4.5365344e+00
   2.1519044e+01  -9.8520556e-01   4.6347555e+00
   2.0607143e+01  -5.7140000e-01   4.6392204e+00
   2.0074006e+01   1.9954421e-01   4.6375979e+00
   1.9342752e+01  -1.1906000e+00   4.6373522e+00
   2.1139877e+01   1.1470765e+00   4.6223176e+00
   2.0936812e+01   1.0791941e+00   4.6308942e+00
   2.0968074e+01  -4.5513846e-01   4.6316539e+00
   2.0541630e+01  -7.8343000e-01   4.6400467e+00
   1.9504679e+01  -1.4880917e+00   4.6409292e+00
   2.1783454e+01  -8.5869091e-01   4.6531818e+00
   2.1052420e+01  -3.7349714e-01   4.7350514e+00
   2.0484255e+01  -8.5042121e-01   4.7322061e+00
   2.0717572e+01  -5.6227586e-01   4.7319034e+00
   1.9183073e+01  -1.0895909e+00   4.7405545e+00
   1.9470907e+01  -1.6080571e+00   4.7170500e+00
   2.1822500e+01  -8.2839667e-01   4.7524900e+00
   1.9981242e+01   2.3650720e-01   4.7382856e+00
   2.0827444e+01  -9.0398889e-01   4.7314222e+00
   2.1123829e+01   1.2057314e+00   4.7350257e+00
   1.9311734e+01  -1.3668656e+00   4.7394844e+00
   2.0303552e+01  -4.8266087e-01   4.7372695e+00
   2.0407665e+01  -9.3235217e-01   4.8341957e+00
   2.0741255e+01  -5.9078113e-01   4.8369302e+00
   2.1923254e+01  -8.7260228e-01   4.8437227e+00
   1.9819694e+01   5.5951020e-02   4.8267694e+00
   2.0093376e+01   5.2563400e-01   4.8448260e+00
   2.0080833e+01  -4.2317391e-01   4.8412848e+00
   2.1237856e+01   1.3228062e+00   4.8466188e+00
   1.9263925e+01  -1.3933700e+00   4.8362250e+00
   2.1183842e+01  -3.3682917e-01   4.8427583e+00
   2.0822887e+01  -9.7838749e-01   4.8393438e+00
   2.0013551e+01  -4.1095714e-01   4.9416057e+00
   2.0711367e+01  -6.1313000e-01   4.9327883e+00
   2.1263814e+01   1.3917429e+00   4.9429357e+00
   2.2067459e+01  -8.9565185e-01   4.9368000e+00
   2.1281528e+01  -1.3143966e-01   4.9319991e+00
   2.1727710e+01  -1.0520700e+00   4.9267700e+00
   1.9205160e+01  -1.4202200e+00   4.9219300e+00
   1.9595744e+01   4.7440741e-02   4.9407667e+00
   2.0797142e+01  -1.0357250e+00   4.9152334e+00
   2.0371728e+01  -1.0423428e+00   4.9094286e+00
   2.0102719e+01   6.3829792e-01   4.9356167e+00
   2.2110486e+01  -6.1397857e-01   4.9544500e+00
   2.0693649e+01  -6.4763077e-01   5.0344754e+00
   2.1343903e+01  -2.2419062e-01   5.0260187e+00
   1.9483017e+01   4.6027777e-02   5.0335222e+00
   2.0103669e+01   6.9324286e-01   5.0369428e+00
   1.9883816e+01  -3.6103878e-01   5.0439061e+00
   2.1021073e+01  -1.2295769e-01   5.0478539e+00
   2.2121909e+01  -9.2125454e-01   5.0228636e+00
   2.0809999e+01  -5.0921475e-01   5.1393935e+00
   1.9380626e+01   1.5178948e-02   5.1344526e+00
   1.9807237e+01  -3.8308642e-01   5.1340802e+00
   2.0117812e+01   7.8954584e-01   5.1392542e+00
   2.1471873e+01  -2.0648182e-01   5.1472137e+00
   2.0139538e+01   8.5313810e-01   5.2349381e+00
   2.1621444e+01  -1.7116111e-01   5.2382694e+00
   2.0747114e+01  -5.8243714e-01   5.2406943e+00
   1.9301293e+01   9.2733331e-03   5.2313800e+00
   1.9625790e+01  -3.5180253e-01   5.2304000e+00
   2.0893085e+01  -6.9384615e-02   5.2560769e+00
   2.0722616e+01  -5.2324204e-01   5.3340743e+00
   1.9507687e+01  -2.6412361e-01   5.3406500e+00
   2.1727162e+01  -1.0225800e-01   5.3436360e+00
   2.0146900e+01  -7.9275833e-01   5.4358584e+00
   2.0661693e+01  -6.2328889e-01   5.4416861e+00
   1.9473272e+01  -2.9323721e-01   5.4390023e+00
   2.1837207e+01   2.5493023e-02   5.4300651e+00
   2.0317880e+01  -3.7037000e-01   5.4482200e+00
   2.0901060e+01  -1.2279100e+00   5.4407900e+00
   2.0708147e+01   2.3026667e-02   5.4542533e+00
   2.0653776e+01  -1.1197655e+00   5.5365800e+00
   2.0407684e+01  -7.3571754e-01   5.5347702e+00
   2.0968964e+01  -5.6119291e-01   5.5452418e+00
   2.1920743e+01   6.6846666e-02   5.5286033e+00
   2.0744109e+01   4.9500001e-02   5.5085910e+00
   2.0536775e+01  -2.0089881e-01   5.5401845e+00
   1.9453965e+01  -2.1915385e-01   5.5388038e+00
   2.0570673e+01  -8.5909943e-01   5.6379994e+00
   2.1999941e+01   1.2557059e-01   5.6307295e+00
   2.0444913e+01  -1.3672000e-01   5.6384822e+00
   2.1151172e+01  -5.7965349e-01   5.6199558e+00
   1.9457530e+01  -2.0327000e-01   5.6318099e+00
   2.0755161e+01  -6.0451059e-01   5.7338400e+00
   2.0500734e+01  -1.3544309e+00   5.7431088e+00
   2.0371081e+01  -4.1787000e-02   5.7432490e+00
   2.0322461e+01  -8.4941389e-01   5.7356889e+00
   2.0399696e+01  -1.4911500e+00   5.8365297e+00
   2.0745786e+01  -5.9999450e-01   5.8414516e+00
   2.0201636e+01  -7.4307222e-01   5.8227472e+00
   2.0315505e+01   9.2626666e-02   5.8477726e+00
   2.1404981e+01  -7.5271876e-01   5.8500156e+00
   2.0745296e+01  -6.6681964e-01   5.9395494e+00
   2.0323563e+01  -1.6302125e+00   5.9230196e+00
   2.1464453e+01  -7.5864062e-01   5.9280938e+00
   2.0244309e+01   1.7443295e-01   5.9343898e+00
   2.0013397e+01  -6.0450937e-01   5.9260687e+00
   2.0749039e+01  -6.6897434e-01   6.0347671e+00
   1.9956292e+01  -5.2257501e-01   6.0343167e+00
   2.0079675e+01   3.0668853e-01   6.0474311e+00
   2.0218024e+01  -1.6599240e+00   6.0314040e+00
   2.1562163e+01  -8.9199091e-01   6.0436546e+00
   2.0071642e+01   3.6654884e-01   6.1291117e+00
   2.0590931e+01  -7.5455238e-01   6.1374333e+00
   2.0935503e+01  -2.8793143e-01   6.1428943e+00
   2.1020605e+01  -5.3072857e-01   6.1445762e+00
   1.9881009e+01  -4.6300909e-01   6.1263727e+00
   2.0111217e+01  -1.7292917e+00   6.1358417e+00
   2.1660135e+01  -8.8022500e-01   6.1466350e+00
   2.0020946e+01   4.3030909e-01   6.2255318e+00
   2.0728739e+01  -6.0139259e-01   6.2425537e+00
   2.1091047e+01  -4.4594133e-01   6.2365133e+00
   2.1686550e+01  -8.1835000e-01   6.2317143e+00
   1.9825700e+01  -3.8124166e-01   6.2265084e+00
   2.0360226e+01  -9.3219506e-01   6.2402370e+00
   2.1275172e+01  -3.9915532e-01   6.3288638e+00
   2.0732456e+01  -6.0603030e-01   6.3374606e+00
   2.0240117e+01  -1.0296913e+00   6.3288203e+00
   1.9991277e+01   4.9617059e-01   6.3286471e+00
   2.0077591e+01  -1.0852743e+00   6.4385857e+00
   2.0714668e+01  -6.6723333e-01   6.4386000e+00
   2.1388623e+01  -3.5289032e-01   6.4302774e+00
   2.1465500e+01  -3.1177500e-01   6.5323813e+00
   2.0704821e+01  -6.0594615e-01   6.5489730e+00
   1.9963725e+01  -1.1069563e+00   6.5508625e+00
   2.0648931e+01  -6.8741837e-01   6.6408918e+00
   1.9903244e+01  -1.1079063e+00   6.6272563e+00
   2.0598129e+01  -7.2153552e-01   6.7373608e+00
   2.0347381e+01  -4.8112500e-01   6.7477250e+00
   2.1598467e+01  -2.3598334e-01   6.7389832e+00
   2.0518227e+01  -1.0103294e+00   6.8241235e+00
   2.0625965e+01  -5.2746197e-01   6.8417761e+00
   2.0302607e+01  -4.2447334e-01   6.8459933e+00
   2.0217664e+01  -3.4436364e-01   6.9362728e+00
   2.0449029e+01  -1.1429390e+00   6.9417341e+00
   2.0625809e+01  -5.2259615e-01   6.9427744e+00
   2.0715567e+01  -7.4993061e-01   7.0353122e+00
   2.0403259e+01  -1.1833815e+00   7.0331408e+00
   2.0513939e+01  -2.0385555e-01   7.0303499e+00
   2.0574444e+01  -4.2870555e-01   7.0396055e+00
   2.0692387e+01  -7.2378334e-01   7.1275833e+00
   2.0368950e+01  -1.2420750e+00   7.1329083e+00
   2.0504943e+01  -1.5349375e-01   7.1328813e+00
   2.0567300e+01  -3.9369000e-01   7.1287799e+00
   2.0695009e+01  -6.7577391e-01   7.2465782e+00
   2.0715584e+01  -6.2697347e-01   7.3333735e+00
   1.9355227e+01  -1.7362727e+00   3.1231455e+00
   1.9425919e+01  -1.6804190e+00   3.1044952e+00
   1.9206600e+01  -1.5373909e+00   3.1835819e+00
   1.8820958e+01  -1.3069526e+00   3.3492369e+00
   1.9472188e+01  -1.5918875e+00   3.0838959e+00
   1.9470060e+01  -1.5971867e+00   4.6999001e+00
   1.9014931e+01  -1.3329879e+00   3.1899535e+00
   1.9235010e+01  -1.4380474e+00   4.8832526e+00
   1.9215130e+01  -1.3281667e+00   3.0307073e+00
   1.9553550e+01  -1.5302731e+00   3.0473615e+00
   1.9505075e+01  -1.4913125e+00   4.6447563e+00
   1.9287933e+01  -1.3784974e+00   4.7749128e+00
   2.0052209e+01  -1.7936091e+00   6.1922727e+00
   1.9356251e+01  -1.2973587e+00   2.9479044e+00
   1.9467473e+01  -1.3593150e+00   4.6069150e+00
   1.9092708e+01  -1.1778846e+00   3.1367846e+00
   2.0112606e+01  -1.7340000e+00   6.1322882e+00
   1.9474647e+01  -1.2493812e+00   2.9077495e+00
   1.9410389e+01  -1.2023235e+00   4.5799247e+00
   2.0230750e+01  -1.6778105e+00   5.9969658e+00
   1.9553261e+01  -1.1801924e+00   2.8562835e+00
   1.9578707e+01  -1.1975914e+00   4.4642845e+00
   2.0323355e+01  -1.6247286e+00   5.9180643e+00
   1.9333900e+01  -1.0404538e+00   3.9643615e+00
   2.0526228e+01  -1.7391722e+00   2.8604889e+00
   1.9188600e+01  -9.4836364e-01   4.2511455e+00
   2.0529922e+01  -1.6149309e+00   2.9823945e+00
   1.9646500e+01  -1.1162415e+00   4.4443805e+00
   1.9293467e+01  -9.1305167e-01   4.0757000e+00
   2.0371845e+01  -1.5457300e+00   5.8570300e+00
   1.9591133e+01  -1.0895392e+00   2.7968510e+00
   1.9989961e+01  -1.3086556e+00   3.8167000e+00
   2.0444943e+01  -1.4568767e+00   5.7888067e+00
   1.9705042e+01  -1.0336042e+00   4.3898271e+00
   2.0556183e+01  -1.5255165e+00   2.9452107e+00
   1.9489498e+01  -9.1136230e-01   2.7314803e+00
   1.9342021e+01  -8.4176250e-01   4.0312416e+00
   1.9456273e+01  -8.8951818e-01   3.9190000e+00
   1.9820146e+01  -1.1134308e+00   2.6200231e+00
   2.0031595e+01  -1.2209526e+00   3.7685158e+00
   1.9906754e+01  -1.1292000e+00   6.6029923e+00
   1.9787583e+01  -9.6124154e-01   2.7043385e+00
   1.9867116e+01  -1.0151324e+00   4.3020487e+00
   2.0026198e+01  -1.1159739e+00   6.4732848e+00
   2.0621272e+01  -1.4487833e+00   2.7600217e+00
   1.9516656e+01  -8.0536177e-01   3.8800353e+00
   2.0524500e+01  -1.3812412e+00   5.7382765e+00
   2.0420018e+01  -1.3375909e+00   3.4300182e+00
   1.9448958e+01  -7.8490690e-01   2.6619586e+00
   2.0090175e+01  -1.1312417e+00   3.7253167e+00
   1.9937639e+01  -9.3092281e-01   4.2511543e+00
   2.0687495e+01  -1.3654587e+00   2.5676206e+00
   1.9828959e+01  -8.7399500e-01   2.6607238e+00
   1.9672342e+01  -7.8055694e-01   3.8534986e+00
   2.0112186e+01  -1.0565071e+00   6.4041357e+00
   2.0554291e+01  -1.2899235e+00   5.6895677e+00
   2.0404751e+01  -1.2042667e+00   7.0130667e+00
   2.0795715e+01  -1.4425077e+00   2.9693154e+00
   2.0143105e+01  -1.0577450e+00   3.7831400e+00
   2.0253640e+01  -1.0938600e+00   6.3021600e+00
   2.0280819e+01  -1.0134638e+00   6.2903277e+00
   2.0075837e+01  -8.9977966e-01   3.8046152e+00
   2.0589084e+01  -1.2042116e+00   5.6355581e+00
   1.9706634e+01  -6.8340000e-01   2.6189132e+00
   2.0004667e+01  -8.6358364e-01   2.5843745e+00
   1.9540965e+01  -5.8928500e-01   3.9049050e+00
   2.0843779e+01  -1.3462204e+00   2.6199097e+00
   2.0465700e+01  -1.1294278e+00   3.5130556e+00
   2.0061660e+01  -8.8938511e-01   4.1497212e+00
   2.0450462e+01  -1.1231000e+00   6.9325207e+00
   2.0355220e+01  -1.0696900e+00   4.9132700e+00
   1.9821286e+01  -7.2955237e-01   3.0131191e+00
   2.0773037e+01  -1.1899398e+00   2.5419500e+00
   2.0608296e+01  -1.0921042e+00   5.4899354e+00
   1.9681505e+01  -5.5829545e-01   2.5776000e+00
   1.9459592e+01  -4.2947500e-01   5.4636084e+00
   2.0432455e+01  -1.0084273e+00   3.5092636e+00
   2.0338003e+01  -9.3761429e-01   6.2642200e+00
   2.0137379e+01  -8.1612461e-01   2.5103231e+00
   2.0017312e+01  -7.5169199e-01   3.5310960e+00
   1.9924737e+01  -6.9955854e-01   2.9957146e+00
   2.0500003e+01  -1.0256206e+00   6.8307324e+00
   2.0300271e+01  -9.0960357e-01   5.7187536e+00
   2.0393595e+01  -9.7131000e-01   4.8422450e+00
   1.9925899e+01  -6.9317534e-01   4.0464315e+00
   2.1072875e+01  -1.3683167e+00   2.7876917e+00
   2.0211885e+01  -8.6669574e-01   3.7949340e+00
   1.9732992e+01  -5.7854615e-01   5.1872770e+00
   2.0933162e+01  -1.2643308e+00   5.3981231e+00
   2.0239642e+01  -7.5863958e-01   5.7401365e+00
   1.9550803e+01  -3.5815909e-01   5.3185659e+00
   2.0337576e+01  -8.1963775e-01   3.7912179e+00
   2.0228996e+01  -7.6157121e-01   2.4638015e+00
   2.0447470e+01  -8.8343500e-01   4.7648950e+00
   2.0756547e+01  -1.0595345e+00   2.4371055e+00
   2.0554421e+01  -9.4398823e-01   6.7521323e+00
   2.0131193e+01  -7.1389286e-01   2.9108500e+00
   1.9711855e+01  -4.7607742e-01   3.9318484e+00
   2.0661493e+01  -1.0130622e+00   5.4487111e+00
   1.9807464e+01  -5.1542821e-01   2.5177872e+00
   2.0429842e+01  -8.7341841e-01   6.2176368e+00
   2.0724467e+01  -1.0499000e+00   6.0019167e+00
   1.9680950e+01  -4.5015000e-01   3.4262000e+00
   2.0779390e+01  -1.0599200e+00   4.9027401e+00
   2.0369827e+01  -8.0367273e-01  -2.4284546e-01
   2.0229995e+01  -7.3058333e-01   3.3362000e+00
   1.9619020e+01  -2.9753068e-01   5.2904290e+00
   2.0404483e+01  -7.3761184e-01   2.3255211e+00
   2.0802240e+01  -9.7933000e-01   4.8168500e+00
   2.0457223e+01  -7.5327500e-01   1.7958816e-01
   2.0412114e+01  -7.5493050e-01   3.7206872e+00
   2.0524280e+01  -8.1347555e-01   6.1487622e+00
   2.0502259e+01  -8.0676316e-01   5.5222145e+00
   2.0266009e+01  -6.6427273e-01   2.6225000e+00
   2.0601764e+01  -8.7477436e-01   6.6924820e+00
   2.1005018e+01  -1.0896364e+00   2.5304818e+00
   1.9815578e+01  -4.0570217e-01   2.4755457e+00
   2.0755069e+01  -9.4544615e-01   5.9850154e+00
   2.0289104e+01  -6.8733749e-01   2.9195458e+00
   2.0727961e+01  -9.2575833e-01   2.4077417e+00
   2.0740713e+01  -9.2137999e-01   4.2785600e+00
   2.0664714e+01  -8.9754545e-01   3.7551727e+00
   1.9972275e+01  -5.0524545e-01   6.0348295e+00
   2.0516198e+01  -8.0843659e-01   4.6887366e+00
   2.0502616e+01  -6.7497569e-01   8.7590246e-01
   1.9939204e+01  -3.6559350e-01   4.9840951e+00
   2.0711333e+01  -8.1099818e-01   4.6270891e+00
   2.0550741e+01  -7.1708696e-01   2.8390804e+00
   2.0544383e+01  -7.0890642e-01   3.3513550e+00
   1.9834065e+01  -2.9433750e-01   2.3639750e+00
   2.0571242e+01  -7.2695809e-01   5.3662457e+00
   2.0565114e+01  -7.1658070e-01   3.8703842e+00
   2.0324262e+01  -5.6485385e-01   4.7126769e+00
   2.0657090e+01  -7.8086379e-01   6.0568603e+00
   2.0694380e+01  -7.8561818e-01   6.7893949e+00
   1.9330191e+01   1.5380953e-03   5.1834190e+00
   2.0468774e+01  -6.6675263e-01   2.6221527e+00
   1.9761555e+01  -2.6536363e-01   2.5126909e+00
   2.0672220e+01  -7.7629000e-01   7.3405100e+00
   2.0750153e+01  -8.1954000e-01   4.2704600e+00
   2.0556690e+01  -6.0025216e-01   1.9101615e+00
   2.0686787e+01  -6.7189176e-01   6.4424216e+00
   1.9460356e+01   3.0871875e-02   5.0585250e+00
   1.9671657e+01  -9.7651351e-02   2.3551568e+00
   2.0882350e+01  -7.8829001e-01   4.2472600e+00
   2.0315987e+01  -4.5607500e-01   6.8041250e+00
   2.0653211e+01  -5.4802718e-01   3.4004820e+00
   1.9854282e+01  -5.9500001e-02   4.8398909e+00
   1.9603473e+01   5.8684615e-02   4.9326423e+00
   2.0716909e+01  -5.9100435e-01   7.3056957e+00
   2.0421740e+01  -4.0133000e-01   2.6091900e+00
   2.1042333e+01  -7.4518334e-01   5.5313555e+00
   2.0757124e+01  -4.9435647e-01   4.4211287e+00
   2.0585995e+01  -3.8859841e-01   6.9066714e+00
   2.0754809e+01  -4.8716000e-01   2.3620307e+00
   1.9964227e+01  -2.3936363e-02   4.3296636e+00
   1.9804916e+01   5.9159091e-02   4.8119477e+00
   2.0232133e+01  -1.6924166e-01   5.7422749e+00
   2.0614043e+01  -4.2217143e-01   1.6562429e+00
   2.0701915e+01  -4.6123847e-01   6.5536000e+00
   2.1344525e+01  -8.1030000e-01   4.3676563e+00
   2.0731451e+01  -3.6132727e-01   2.4137424e+00
   2.0940790e+01  -4.7486552e-01   4.6081690e+00
   2.0853950e+01  -4.2741613e-01   3.4386032e+00
   2.0331527e+01  -1.2504206e-01   4.2516968e+00
   2.1241288e+01  -6.5178824e-01   2.6855588e+00
   2.0953238e+01  -4.8540213e-01   6.0924213e+00
   2.0580900e+01  -2.7443684e-01   2.9955447e+00
   2.0533545e+01  -2.3729444e-01   5.5470404e+00
   2.0786050e+01  -3.9759167e-01   4.3795250e+00
   2.1626011e+01  -8.7323684e-01   6.1298684e+00
   1.9905656e+01   1.2137368e-01   4.7028316e+00
   2.0776969e+01  -3.9340000e-01   2.8769692e+00
   2.0730253e+01  -3.6977059e-01   4.1384471e+00
   2.1205982e+01  -6.3447143e-01   4.2467929e+00
   2.0537078e+01  -2.4518235e-01   6.9481882e+00
   2.0988300e+01  -4.9568571e-01   2.8193429e+00
   2.1803533e+01  -9.5665334e-01   4.8049467e+00
   2.0789791e+01  -3.8449047e-01   3.7240810e+00
   2.0266750e+01  -8.4620000e-02   3.9243200e+00
   2.1129071e+01  -5.9124117e-01   5.5851705e+00
   2.1429283e+01  -7.6271111e-01   5.9049500e+00
   2.0845370e+01  -4.1535000e-01   3.1697000e+00
   2.1330358e+01  -5.7986153e-01   3.4997000e+00
   2.0409867e+01  -5.5004167e-02   5.6854646e+00
   2.0166266e+01   8.6543455e-02   4.5214503e+00
   2.1199680e+01  -5.1377000e-01   5.5757000e+00
   2.1710760e+01  -8.1798500e-01   6.2216750e+00
   2.0580134e+01  -1.6776250e-01   3.0619375e+00
   2.1005653e+01  -3.9574737e-01   4.6870026e+00
   2.0739561e+01  -2.5843333e-01   4.1081945e+00
   2.1032920e+01  -4.1254754e-01   6.1727541e+00
   2.0794700e+01  -2.7923483e-01   3.5871989e+00
   2.1115308e+01  -4.6288461e-01   4.0569307e+00
   2.1865176e+01  -9.0069459e-01   4.7690162e+00
   2.0853652e+01  -3.2415714e-01   5.3040666e+00
   2.0709358e+01  -2.3445200e-01   2.4840340e+00
   2.1523419e+01  -6.9316874e-01   5.8899125e+00
   2.0520738e+01  -1.3247143e-01   7.1317857e+00
   2.0975132e+01  -3.8162800e-01   2.4016440e+00
   2.0940257e+01  -3.5770000e-01   5.1469381e+00
   2.1451484e+01  -6.5383104e-01   2.8804689e+00
   2.1406350e+01  -6.2895000e-01   4.4224167e+00
   2.1099641e+01  -4.5285295e-01   2.8174823e+00
   2.0868287e+01  -3.2154000e-01   2.8854534e+00
   2.0034140e+01   1.7947000e-01   6.0130800e+00
   2.1149521e+01  -3.7221429e-01   2.8088214e+00
   2.0940431e+01  -2.5366154e-01   5.2029924e+00
   2.1822440e+01  -7.6405334e-01   4.7794733e+00
   2.1433694e+01  -5.3262500e-01   4.4014063e+00
   2.0185183e+01   1.8670909e-01   4.5612322e+00
   2.0611467e+01  -5.8457778e-02   3.1497178e+00
   2.2055777e+01  -8.8305714e-01   4.9322743e+00
   2.0825380e+01  -1.7751304e-01   3.6337710e+00
   2.0246770e+01   1.5337704e-01   5.8826630e+00
   2.1154424e+01  -3.6005151e-01   4.8244879e+00
   2.0968128e+01  -2.7051600e-01   6.1757360e+00
   2.1389381e+01  -5.0266154e-01   3.5374577e+00
   2.1275304e+01  -4.4128929e-01   6.3199500e+00
   2.0778035e+01  -1.6694000e-01   4.2129650e+00
   2.0734509e+01  -1.2211071e-01   2.6179196e+00
   2.1651868e+01  -6.5282632e-01   3.0422316e+00
   2.1008625e+01  -2.9045000e-01   2.3832000e+00
   2.1482754e+01  -5.5733077e-01   2.7879769e+00
   2.1251600e+01  -4.1370000e-01   5.5924929e+00
   2.0088446e+01   3.5482809e-01   6.0922034e+00
   2.0852229e+01  -7.6783334e-02   3.6567758e+00
   2.0640291e+01   4.0157576e-02   3.2108546e+00
   2.0382405e+01   1.9516500e-01   5.8891451e+00
   2.0709807e+01   2.0242857e-02   5.4783215e+00
   2.1187861e+01  -2.7455854e-01   6.3341268e+00
   2.0795560e+01  -4.2387500e-02   2.6764323e+00
   2.0398784e+01   1.8027105e-01   4.3750263e+00
   2.2210154e+01  -8.6174615e-01   5.2034000e+00
   2.1524338e+01  -4.7245882e-01   3.6087794e+00
   2.1782997e+01  -6.1630938e-01   3.1817625e+00
   2.1292667e+01  -3.4554167e-01   5.5892417e+00
   2.1046286e+01  -1.8747857e-01   2.3788215e+00
   2.1234891e+01  -2.9510909e-01   3.9671546e+00
   2.0503245e+01   1.0018182e-01   5.7710273e+00
   2.1244927e+01  -3.0753659e-01   4.9149902e+00
   2.2070431e+01  -7.9660001e-01   4.9094625e+00
   2.0899325e+01  -1.0970000e-01   5.2882450e+00
   2.1460067e+01  -4.3277500e-01   4.3544166e+00
   2.0120002e+01   3.4484182e-01   4.6496455e+00
   2.0957109e+01  -1.4103636e-01   2.8916182e+00
   2.1032321e+01  -1.8010000e-01   5.0898786e+00
   2.0755854e+01   6.8527274e-02   5.4869728e+00
   2.0647145e+01   1.5406500e-01   3.2802300e+00
   2.1263006e+01  -2.0328571e-01   4.9951191e+00
   2.0495011e+01   2.3965555e-01   5.8500556e+00
   2.0889581e+01   1.2837143e-02   3.6776071e+00
   2.1032733e+01  -6.9906667e-02   2.6384533e+00
   2.0000916e+01   5.1781154e-01   6.3218269e+00
   2.1430180e+01  -3.0528333e-01   6.4784167e+00
   2.0346784e+01   3.1994594e-01   4.4355621e+00
   2.1923621e+01  -5.9255455e-01   3.3644030e+00
   2.0814688e+01   5.8992537e-02   2.7488717e+00
   2.1627509e+01  -4.2707273e-01   2.7568091e+00
   2.0088857e+01   4.8625406e-01   4.8221703e+00
   2.1468355e+01  -3.2351818e-01   4.3198092e+00
   2.1669052e+01  -4.3306190e-01   3.8321952e+00
   2.1054188e+01  -7.9682353e-02   2.3508235e+00
   2.2024775e+01  -5.3174643e-01   3.5077429e+00
   2.0859237e+01   1.4955062e-01   2.8155469e+00
   2.0885955e+01   1.3112549e-01   3.8479176e+00
   2.1092388e+01   5.6906253e-03   2.6386719e+00
   2.0434043e+01   3.9567297e-01   4.4085135e+00
   2.0086426e+01   5.9587400e-01   4.9128680e+00
   2.0677172e+01   2.4703617e-01   3.3353830e+00
   2.1388400e+01  -1.5815208e-01   5.0626417e+00
   2.1759719e+01  -3.6392381e-01   4.0722857e+00
   2.1091367e+01  -2.1499999e-03   2.3541750e+00
   2.1585560e+01  -2.7533000e-01   6.7139299e+00
   2.0109824e+01   6.8930000e-01   5.0006778e+00
   2.0548996e+01   4.2998334e-01   4.4296500e+00
   2.1272533e+01   1.3866667e-02   4.9106583e+00
   2.0664459e+01   3.7897797e-01   3.4888441e+00
   2.1130142e+01   9.4800000e-02   2.3409083e+00
   2.0905476e+01   2.4322105e-01   2.8768158e+00
   2.0919261e+01   2.3875231e-01   3.9288031e+00
   2.1205942e+01   5.2375000e-02   2.5646833e+00
   2.1623322e+01  -1.7615556e-01   5.2625472e+00
   2.0854862e+01   3.8530673e-01   2.9841644e+00
   2.0975079e+01   3.0919123e-01   3.9807193e+00
   2.1289021e+01   1.2096552e-01   4.9071689e+00
   2.0693907e+01   4.7066216e-01   3.5886716e+00
   2.0128251e+01   7.9869488e-01   5.1321103e+00
   2.1704769e+01  -1.1541538e-01   5.3160385e+00
   2.1163017e+01   2.0237500e-01   2.3247667e+00
   2.1313595e+01   2.1946000e-01   2.9108050e+00
   2.1783363e+01  -4.5018421e-02   5.3810105e+00
   2.0154172e+01   8.8592778e-01   5.2554056e+00
   2.0803901e+01   5.3083268e-01   3.2359693e+00
   2.0997218e+01   4.1148222e-01   4.0613667e+00
   2.1874772e+01   2.4146875e-02   5.4693469e+00
   2.0874483e+01   6.0087944e-01   3.3673037e+00
   2.1019225e+01   5.1426364e-01   4.1284636e+00
   2.1384980e+01   3.1100500e-01   3.9773500e+00
   2.1002747e+01   6.3267187e-01   3.2673610e+00
   2.1466884e+01   3.6542631e-01   3.8953000e+00
   2.0853279e+01   7.1489286e-01   3.7946750e+00
   2.1932563e+01   1.0113125e-01   5.5238281e+00
   2.1043954e+01   6.1199302e-01   4.1580558e+00
   2.1067386e+01   7.2624828e-01   4.2158500e+00
   2.2020182e+01   1.7448182e-01   5.6616727e+00
   2.1053314e+01   7.3395000e-01   3.2805286e+00
   2.1077158e+01   8.2926915e-01   4.3037192e+00
   2.2118709e+01   2.2628182e-01   5.7400091e+00
   2.1089917e+01   8.1710000e-01   3.3260500e+00
   2.1006897e+01   9.8632667e-01   4.4267844e+00
   2.1018930e+01   1.0895173e+00   4.5073469e+00
   2.1167448e+01   1.1212440e+00   4.5554460e+00
   2.1190050e+01   1.2255273e+00   4.7706637e+00
   2.1229400e+01   1.3230000e+00   4.8513700e+00
   2.1280956e+01   1.3969937e+00   4.9370625e+00
   2.2147195e+01  -8.8760476e-01   5.0712667e+00
   2.1123647e+01  -1.4953000e+00   2.8968235e+00
   2.0533964e+01  -1.7853727e+00   2.8699818e+00
   2.1907702e+01  -9.1349483e-01   4.8585121e+00
   2.1073718e+01  -1.3908727e+00   2.7867182e+00
   2.0563077e+01  -1.6737923e+00   2.8512077e+00
   2.1480027e+01  -1.0431273e+00   4.6359545e+00
   2.0975112e+01  -1.3486588e+00   2.7126529e+00
   2.0600430e+01  -1.5421628e+00   2.9424531e+00
   2.1838058e+01  -8.3621539e-01   4.7516538e+00
   2.0350133e+01  -1.6929619e+00   5.9498524e+00
   2.1675419e+01  -9.1032500e-01   6.1298375e+00
   2.0650628e+01  -1.4104487e+00   2.7366148e+00
   2.0269846e+01  -1.6226595e+00   5.9588164e+00
   2.1646894e+01  -8.2755484e-01   6.1832419e+00
   2.1631184e+01  -8.5292308e-01   4.5962230e+00
   2.1971162e+01  -6.2597084e-01   3.4650709e+00
   2.1842412e+01  -6.0673457e-01   3.2709839e+00
   2.0512263e+01  -1.3768286e+00   5.7345143e+00
   2.0738384e+01  -1.2418620e+00   2.5378690e+00
   2.0253625e+01  -1.5543250e+00   5.9395667e+00
   2.1015550e+01  -1.0875800e+00   2.5349800e+00
   2.1455074e+01  -8.0766087e-01   5.9260261e+00
   2.0410360e+01  -1.4238700e+00   3.4441400e+00
   2.1525020e+01  -6.6963674e-01   2.9512959e+00
   2.1454548e+01  -7.1657143e-01   5.8790371e+00
   2.0754595e+01  -1.1173579e+00   2.4544719e+00
   2.0558869e+01  -1.2214862e+00   5.6647385e+00
   2.0434407e+01  -1.3059571e+00   3.4353214e+00
   2.1382793e+01  -7.4247857e-01   4.3836893e+00
   2.0815027e+01  -1.0501909e+00   4.8742182e+00
   2.0605337e+01  -1.0881640e+00   5.4898247e+00
   2.1183352e+01  -7.4935927e-01   5.6437630e+00
   2.1384385e+01  -6.3026912e-01   2.7804456e+00
   2.0738006e+01  -1.0116562e+00   5.9958062e+00
   2.0745458e+01  -1.0053646e+00   2.4147542e+00
   2.0823192e+01  -9.6338000e-01   4.8254640e+00
   2.1560539e+01  -5.2570000e-01   3.6630868e+00
   2.1366307e+01  -6.4689333e-01   4.3910267e+00
   2.0406854e+01  -1.2031750e+00   7.0350083e+00
   2.0442446e+01  -1.1804273e+00   3.4489091e+00
   2.0583140e+01  -1.0826000e+00   3.6503601e+00
   2.0708567e+01  -1.0079417e+00   4.2594916e+00
   1.9476145e+01  -1.6239623e+00   3.0785642e+00
   2.1108900e+01  -6.8272619e-01   5.5570238e+00
   2.0630379e+01  -9.5684211e-01   5.4013605e+00
   2.0536976e+01  -1.0108298e+00   6.8145036e+00
   2.0806010e+01  -8.6032000e-01   4.6847250e+00
   2.1188333e+01  -6.3865476e-01   2.6076881e+00
   2.0773945e+01  -8.8143889e-01   5.9947167e+00
   2.1152024e+01  -6.5916471e-01   4.2390471e+00
   2.0663944e+01  -9.2687777e-01   3.7402833e+00
   2.0749018e+01  -8.8914545e-01   2.3910000e+00
   2.1420879e+01  -5.0459231e-01   3.5403385e+00
   1.9477863e+01  -1.6132818e+00   4.7034273e+00
   2.0753771e+01  -8.7997143e-01   4.2703572e+00
   2.1437581e+01  -4.9908572e-01   4.3857000e+00
   2.0811037e+01  -8.5959090e-01   7.0641454e+00
   2.0005485e+01  -1.3092200e+00   3.8098100e+00
   2.1712510e+01  -3.5530000e-01   4.0098200e+00
   2.0401033e+01  -1.0747250e+00   5.6674584e+00
   2.1141410e+01  -6.6942000e-01   6.2301101e+00
   2.0431542e+01  -1.0571000e+00   3.4996167e+00
   2.0723862e+01  -7.8461765e-01   7.0231735e+00
   2.0673215e+01  -8.2432500e-01   3.7776850e+00
   2.0073571e+01  -1.1654853e+00   3.7656441e+00
   2.1032798e+01  -6.0947000e-01   5.5710333e+00
   2.0707323e+01  -7.9590857e-01   5.3000543e+00
   2.1019175e+01  -6.0467813e-01   4.0829781e+00
   2.0591183e+01  -8.7143810e-01   6.7049397e+00
   2.0645400e+01  -8.2023333e-01   3.1747905e+00
   2.1020636e+01  -6.2050303e-01   2.4541363e+00
   2.0066020e+01  -1.1728700e+00   4.1860700e+00
   2.0733741e+01  -7.7011852e-01   4.5740815e+00
   2.0432435e+01  -9.4603999e-01   4.8163575e+00
   1.9498285e+01  -1.4963231e+00   4.6410923e+00
   2.0755580e+01  -7.9532000e-01   4.2676733e+00
   2.1326203e+01  -4.2828353e-01   6.4026212e+00
   2.0800693e+01  -7.6052142e-01   6.5871857e+00
   2.0354276e+01  -9.8253636e-01   6.2485420e+00
   1.9518508e+01  -1.4846800e+00   3.0573825e+00
   2.0684418e+01  -8.0781819e-01   2.3195136e+00
   2.1483177e+01  -3.4575385e-01   4.3174616e+00
   2.1262035e+01  -5.0560588e-01   3.5102824e+00
   2.0747495e+01  -7.5588500e-01   5.9624550e+00
   2.0403178e+01  -9.6755000e-01   5.6656929e+00
   2.0407267e+01  -9.4420833e-01   3.8850750e+00
   2.0465594e+01  -9.1842500e-01   3.5447437e+00
   2.1668671e+01  -2.1686471e-01   5.2473353e+00
   2.1462631e+01  -3.5904615e-01   3.5197923e+00
   2.0633632e+01  -7.1753791e-01   5.5213464e+00
   2.1653695e+01  -1.3276443e-01   5.2788362e+00
   1.9572122e+01  -1.3265634e+00   2.8893512e+00
   2.0719706e+01  -6.6365752e-01   2.6988792e+00
   1.9516182e+01  -1.3689727e+00   4.5772273e+00
   2.0534564e+01  -7.6003120e-01   9.7500480e-01
   2.1396907e+01  -2.9971190e-01   6.4518238e+00
   2.0073450e+01  -1.0638900e+00   4.2045000e+00
   1.9291926e+01  -1.5002842e+00   3.1341106e+00
   1.9663132e+01  -1.2715158e+00   4.4380526e+00
   2.1267922e+01  -3.6148333e-01   5.5848667e+00
   2.0485827e+01  -7.8010000e-01  -1.9727692e-01
   2.0577480e+01  -6.3727320e-01   3.1607657e+00
   2.0693780e+01  -5.9599600e-01   7.3209760e+00
   1.9448199e+01  -1.2899045e+00   2.9347571e+00
   1.9812591e+01  -1.1018273e+00   2.6218000e+00
   2.1163476e+01  -3.3260000e-01   2.8198530e+00
   1.9273034e+01  -1.3826455e+00   4.8002873e+00
   2.1199422e+01  -3.0328889e-01   3.9836722e+00
   2.1936105e+01   1.3090702e-01   5.5571123e+00
   2.1324300e+01  -2.3336364e-01   5.5703999e+00
   2.0844930e+01  -4.8597000e-01   7.3724000e+00
   2.0462528e+01  -6.0550395e-01   1.6015629e+00
   1.9889576e+01  -9.4887757e-01   4.2741128e+00
   2.0640241e+01  -4.9812683e-01   4.5391524e+00
   2.0940000e+01  -3.1052453e-01   6.1308585e+00
   2.0850568e+01  -3.7083960e-01   5.2966337e+00
   2.1004419e+01  -2.7990000e-01   2.3886852e+00
   2.1236812e+01  -1.4447083e-01   4.9495708e+00
   2.0627313e+01  -5.0217111e-01   6.6371378e+00
   2.0290146e+01  -6.9242703e-01   3.3562000e+00
   1.9991228e+01  -8.6174062e-01   3.8037563e+00
   2.0218934e+01  -7.2287500e-01   2.9076125e+00
   2.0200304e+01  -7.5871200e-01   3.6211320e+00
   2.0417085e+01  -6.3626500e-01   5.5754950e+00
   2.0679600e+01  -4.7420001e-01   5.8400500e+00
   2.0175867e+01  -7.5533333e-01   5.8080467e+00
   2.0144731e+01  -7.8566923e-01   5.4522692e+00
   2.0621175e+01  -4.8939167e-01   6.9582583e+00
   2.0991441e+01  -1.8350000e-01   6.2340941e+00
   2.0942380e+01  -2.2544000e-01   3.1274000e+00
   2.0605625e+01  -3.9665227e-01   3.0083954e+00
   2.0400079e+01  -5.1972857e-01   4.6693952e+00
   2.0562665e+01  -4.2045869e-01   6.7518956e+00
   2.0646056e+01  -3.7283821e-01   2.3978154e+00
   2.0139669e+01  -6.5722500e-01   5.8473437e+00
   2.0516205e+01  -4.6813397e-01   4.6043684e-01
   2.0132600e+01  -6.9296842e-01   2.5387316e+00
   1.9451577e+01  -1.0719377e+00   2.8783065e+00
   2.0639650e+01  -3.7390000e-01   5.4090367e+00
   2.0797244e+01  -2.8525045e-01   3.5788054e+00
   2.1016235e+01  -1.5485294e-01   5.0649647e+00
   2.0210842e+01  -6.4282500e-01   3.2383416e+00
   2.0058163e+01  -7.1314857e-01   2.9231315e+00
   1.9452926e+01  -1.0658600e+00   4.5300828e+00
   2.0562450e+01  -4.2223571e-01   7.0607285e+00
   2.0553579e+01  -4.2385862e-01   3.9404069e+00
   1.9832675e+01  -8.3799643e-01   3.8212321e+00
   2.0721030e+01  -3.2692000e-01   4.1278550e+00
   2.1318489e+01   1.4803703e-02   4.9336222e+00
   2.0873612e+01  -2.5172941e-01   5.2984176e+00
   2.0369708e+01  -5.4247692e-01   4.2930077e+00
   2.1115932e+01  -9.2472727e-02   2.6074228e+00
   2.0004953e+01  -7.4731052e-01   3.5273368e+00
   2.0926181e+01  -2.1080625e-01   2.8797188e+00
   2.0022167e+01  -7.3273334e-01   4.0965667e+00
   2.1049444e+01  -1.1740000e-01   2.3618278e+00
   2.0837337e+01  -1.3896274e-01   3.6164333e+00
   2.0014754e+01  -6.1436250e-01   5.9186041e+00
   2.0702233e+01  -2.2897692e-01   2.4958731e+00
   2.0491706e+01  -3.4786857e-01   4.0260314e+00
   2.0571627e+01  -2.9341000e-01   5.4569950e+00
   2.1090862e+01   5.3599990e-04   2.6086400e+00
   2.0559361e+01  -3.0353725e-01   2.9909882e+00
   2.1406581e+01   1.7486250e-01   4.8873875e+00
   1.8910257e+01  -1.2688821e+00   3.2677375e+00
   2.0257860e+01  -4.7317667e-01   4.7653633e+00
   2.0320027e+01  -4.4500909e-01   6.8092364e+00
   2.0753145e+01  -1.9928500e-01   4.0977700e+00
   2.1085623e+01  -5.6409090e-03   2.3545045e+00
   1.9685716e+01  -8.1358421e-01   3.8328000e+00
   1.9877437e+01  -7.0017428e-01   3.0069829e+00
   1.9627580e+01  -8.2896250e-01   2.7066300e+00
   2.0563797e+01  -3.0291562e-01   6.8563406e+00
   1.9376139e+01  -9.8449090e-01   3.9540727e+00
   1.9947154e+01  -6.5663846e-01   4.0803923e+00
   2.0893772e+01  -9.9944445e-02   5.2947278e+00
   1.9201380e+01  -1.0865800e+00   4.7295733e+00
   2.0782360e+01  -1.8198000e-01   4.3469700e+00
   2.0589958e+01  -1.6741861e-01   3.0663116e+00
   2.0442833e+01  -2.5452381e-01   4.0973492e+00
   2.0799061e+01  -5.1668376e-02   2.6659684e+00
   2.0877217e+01  -1.2374445e-02   3.6599000e+00
   1.9817113e+01  -6.3837333e-01   3.1057933e+00
   2.0503080e+01  -2.1808085e-01   5.5106447e+00
   1.9389364e+01  -8.5265058e-01   4.0041483e+00
   1.9975827e+01  -5.3153637e-01   5.9945454e+00
   2.1472950e+01   3.4464412e-01   3.8838265e+00
   2.0518035e+01  -2.1581471e-01   7.0100823e+00
   2.0125763e+01  -4.3007778e-01   4.8752852e+00
   2.1273747e+01   2.1604118e-01   2.8813824e+00
   1.9884682e+01  -5.8675455e-01   4.0806909e+00
   1.9585423e+01  -7.5357115e-01   2.6603462e+00
   2.1145969e+01   1.4614375e-01   2.3394000e+00
   1.9921557e+01  -5.5567143e-01   2.4785000e+00
   2.0616240e+01  -4.2176596e-02   3.1468064e+00
   1.9744724e+01  -5.3142927e-01   2.5294781e+00
   2.0847514e+01   9.4722535e-02   2.7736796e+00
   2.0385652e+01  -1.8376875e-01   4.1723750e+00
   2.0922904e+01   1.3249459e-01   3.8398703e+00
   1.9459219e+01  -7.2461932e-01   4.0071273e+00
   1.9895566e+01  -4.4684458e-01   5.0328446e+00
   2.0531427e+01  -9.0640000e-02   5.5876173e+00
   2.0497366e+01  -1.2508333e-01   7.1561056e+00
   2.1303120e+01   3.3856500e-01   3.9944900e+00
   1.9401594e+01  -7.6212500e-01   2.6451375e+00
   1.9898559e+01  -4.6299167e-01   6.1086417e+00
   2.0531230e+01  -1.0545000e-01   5.3589499e+00
   2.0874237e+01   2.0828314e-01   2.8639517e+00
   1.9832669e+01  -3.8391539e-01   6.2251462e+00
   1.9605342e+01  -5.2303684e-01   3.9050184e+00
   1.9804363e+01  -3.9461404e-01   2.4589333e+00
   2.0340155e+01  -8.3622500e-02   5.7560925e+00
   2.0955339e+01   2.6866667e-01   3.9562897e+00
   1.9832036e+01  -3.7437414e-01   5.1011776e+00
   2.0631767e+01   7.9282223e-02   3.2537955e+00
   2.0334830e+01  -8.6971739e-02   4.3103239e+00
   2.0352903e+01   3.0025316e-02   5.8172836e+00
   1.9766934e+01  -3.0432340e-01   2.4293277e+00
   2.0312014e+01   2.6982500e-02   4.3919550e+00
   1.9584833e+01  -4.0890000e-01   3.9923250e+00
   2.0668173e+01   2.1847458e-01   3.3196949e+00
   2.0968036e+01   3.8927619e-01   4.0495444e+00
   2.0928146e+01   3.7555517e-01   2.9526391e+00
   1.9689592e+01  -3.4016154e-01   5.2169493e+00
   2.1104638e+01   4.8423333e-01   3.3476378e+00
   2.0265420e+01   9.7361111e-02   4.4322602e+00
   2.0900952e+01   4.6312360e-01   3.1196697e+00
   1.9553926e+01  -3.0630741e-01   5.3128333e+00
   2.0315995e+01   1.2696282e-01   5.8691270e+00
   1.9763755e+01  -1.8880000e-01   2.3285909e+00
   2.1047186e+01   5.5035303e-01   4.1555788e+00
   2.0782799e+01   3.9863182e-01   3.4740318e+00
   2.0742527e+01   3.8155454e-01   4.0069090e+00
   2.0440221e+01   2.9375263e-01   5.9029421e+00
   2.0390491e+01   2.9561515e-01   4.4040818e+00
   2.0066377e+01   1.0427849e-01   4.6479118e+00
   2.0192803e+01   1.7783548e-01   5.8988936e+00
   2.0804371e+01   5.3345000e-01   3.3321525e+00
   2.1115352e+01   7.0730909e-01   4.1833156e+00
   1.9470524e+01  -2.3595930e-01   5.4338070e+00
   2.0592586e+01   4.1777242e-01   4.4381138e+00
   1.9603967e+01  -5.6424999e-02   2.3423417e+00
   2.1059669e+01   7.9113582e-01   4.2591269e+00
   2.0796982e+01   6.3549309e-01   3.4136402e+00
   2.0441336e+01   4.0752800e-01   4.4112040e+00
   1.9997825e+01   1.8160000e-01   4.6787446e+00
   2.0107317e+01   2.4186342e-01   5.9837902e+00
   1.9433480e+01  -1.7542000e-01   5.4459599e+00
   2.0784405e+01   7.4535217e-01   3.0801174e+00
   2.0060833e+01   3.3080000e-01   4.6987282e+00
   2.0500780e+01   5.6495000e-01   3.7307300e+00
   1.9631827e+01   7.1992727e-02   4.9135855e+00
   2.1098932e+01   9.3134066e-01   4.3847616e+00
   2.0803610e+01   7.2484000e-01   3.6509500e+00
   2.0079597e+01   3.3259474e-01   6.0753395e+00
   1.9539836e+01   3.1472727e-02   2.4310182e+00
   2.0900573e+01   8.2654546e-01   3.1092000e+00
   2.0089644e+01   4.6050217e-01   4.8018869e+00
   2.1062537e+01   1.0223707e+00   4.4583173e+00
   2.0036689e+01   4.2140000e-01   6.1911433e+00
   1.9381768e+01   4.2597500e-02   5.1287250e+00
   2.1067985e+01   1.1416198e+00   4.6161485e+00
   2.0095360e+01   5.8404681e-01   4.8950787e+00
   1.9992790e+01   5.1210500e-01   6.3263950e+00
   2.1251658e+01   1.3542039e+00   4.8847039e+00
   2.0100644e+01   6.9201409e-01   5.0075873e+00
   2.0888581e+01   1.1445000e+00   4.4869125e+00
   2.0135395e+01   8.3885854e-01   5.1978756e+00
   2.2220908e+01  -8.5855000e-01   5.1997584e+00
   2.2127665e+01  -8.8023530e-01   4.9910588e+00
   2.2034476e+01  -8.9127059e-01   4.9005236e+00
   2.2022084e+01   1.4688947e-01   5.6382790e+00
   2.2022152e+01  -5.5745926e-01   3.5145111e+00
   2.1940930e+01  -8.8569501e-01   4.8266049e+00
   2.1932762e+01  -5.9300811e-01   3.3982946e+00
   2.1926059e+01   5.8091892e-02   5.5103459e+00
   2.1830411e+01   2.1372973e-02   5.4225757e+00
   2.1821580e+01  -8.3906571e-01   4.7606714e+00
   2.1838484e+01  -6.1237368e-01   3.2147105e+00
   2.1738283e+01  -9.6045653e-02   5.3408109e+00
   2.1747500e+01  -3.7373809e-01   4.0817000e+00
   2.1746965e+01  -8.9912414e-01   4.8125552e+00
   2.1736088e+01  -6.2770800e-01   3.1506960e+00
   2.1723214e+01  -8.2820667e-01   6.2340933e+00
   2.1709400e+01  -4.4434000e-01   3.7815600e+00
   2.1634821e+01  -8.6680000e-01   6.1550429e+00
   2.1626020e+01  -7.3585201e-01   3.0486400e+00
   2.1620800e+01  -4.3877333e-01   2.7574800e+00
   2.1640324e+01  -4.3600588e-01   3.8457529e+00
   2.1635158e+01  -1.7677273e-01   5.2602606e+00
   2.1619969e+01  -8.6630769e-01   4.5900461e+00
   2.1605146e+01  -2.3595455e-01   6.7310635e+00
   2.1542360e+01  -5.8524286e-01   3.6620000e+00
   2.1517460e+01  -1.7658000e-01   5.1840466e+00
   2.1541046e+01  -6.7080910e-01   2.9847545e+00
   2.1527807e+01  -5.3977857e-01   2.7994143e+00
   2.1524112e+01  -2.7952941e-01   6.5852353e+00
   2.1531207e+01  -6.8265333e-01   5.8915600e+00
   2.1431009e+01  -5.7767188e-01   4.3714266e+00
   2.1436738e+01  -5.0297381e-01   3.5353071e+00
   2.1431807e+01  -7.9215517e-01   5.9127862e+00
   2.1430539e+01  -2.2479444e-01   5.1353778e+00
   2.1432671e+01  -3.8146190e-01   6.4927905e+00
   2.1430832e+01   3.3740000e-01   3.9224500e+00
   2.1429966e+01  -6.2863429e-01   2.8489628e+00
   2.1416981e+01   1.1412500e-01   4.8964687e+00
   2.1344072e+01  -6.6916000e-01   2.7769475e+00
   2.1337646e+01   3.2165385e-01   3.9989462e+00
   2.1318467e+01  -3.1715238e-01   5.5743381e+00
   2.1339660e+01  -7.2274800e-01   4.3967120e+00
   2.1339876e+01  -3.8831515e-01   6.3822939e+00
   2.1343296e+01  -5.2180909e-01   3.5256455e+00
   2.1333226e+01  -1.6977193e-01   4.9602491e+00
   2.1323086e+01   2.1288571e-01   2.9068857e+00
   2.1240346e+01   2.3040769e-01   2.8785769e+00
   2.1234460e+01  -6.3792000e-01   2.6532333e+00
   2.1228378e+01  -2.9386428e-01   3.9621143e+00
   2.1230009e+01  -2.5230938e-01   4.9271937e+00
   2.1234633e+01  -4.2171905e-01   5.5909286e+00
   2.1229587e+01   1.3218487e+00   4.8495795e+00
   2.1233959e+01  -6.8130000e-01   4.2856417e+00
   2.1239685e+01  -4.5023143e-01   6.3006400e+00
   2.1226162e+01  -1.1023154e+00   2.5768538e+00
   2.1224608e+01  -5.6316922e-01   3.4622616e+00
   2.1224436e+01   1.0645182e+00   4.4906363e+00
   2.1225900e+01   3.0761538e-02   2.5888615e+00
   2.1218689e+01   7.5276316e-01   4.2199631e+00
   2.1216930e+01  -3.1768000e-01   2.8131100e+00
   2.1209770e+01  -7.0940000e-01   5.6849400e+00
   2.1148524e+01  -6.5165200e-01   2.5852240e+00
   2.1130911e+01  -4.9713784e-01   4.0959135e+00
   2.1122483e+01  -1.4822208e+00   2.8636083e+00
   2.1124541e+01   9.6002187e-01   4.4215500e+00
   2.1133850e+01   2.3980000e-02   2.4321260e+00
   2.1131165e+01  -3.4032692e-01   4.7839654e+00
   2.1142473e+01  -6.3113333e-02   4.9715534e+00
   2.1119586e+01   5.2807347e-01   3.3837327e+00
   2.1137605e+01  -6.6992619e-01   5.5766238e+00
   2.1120062e+01   8.3971250e-01   3.3327875e+00
   2.1132309e+01  -5.4652813e-01   6.2313906e+00
   2.1136190e+01   5.1413000e-01   2.9389400e+00
   2.1120776e+01  -4.1277647e-01   2.8150177e+00
   2.1031422e+01   6.9758935e-01   4.2268701e+00
   2.1020500e+01  -1.6123333e-01   5.0769333e+00
   2.1042251e+01   5.9404894e-01   3.2566085e+00
   2.1048494e+01  -6.7285588e-01   5.5343382e+00
   2.1030210e+01  -3.0589359e-01   2.3950654e+00
   2.1035700e+01   2.0956956e-01   2.7815696e+00
   2.1045800e+01  -5.2656471e-01   6.1676648e+00
   2.1033420e+01  -4.9931500e-01   2.8208950e+00
   2.1030346e+01  -2.6751515e-02   2.6421879e+00
   2.1034150e+01  -5.7445938e-01   4.1137938e+00
   2.1028389e+01  -4.1477222e-01   4.6960250e+00
   2.1022121e+01   4.3047143e-01   2.9246071e+00
   2.0927655e+01  -1.2442000e+00   5.3987818e+00
   2.0933865e+01  -1.9673000e-01   2.8845550e+00
   2.0927322e+01   5.6395610e-01   3.2675122e+00
   2.0943157e+01   1.0640607e+00   4.5269377e+00
   2.0938091e+01   1.7877912e-01   3.8544720e+00
   2.0944920e+01  -5.2000000e-01   2.3964440e+00
   2.0921569e+01   1.9601383e-01   2.8435277e+00
   2.0939483e+01  -5.4968889e-01   6.0902278e+00
   2.0929088e+01  -5.4264375e-01   2.7842312e+00
   2.0946210e+01  -4.5980975e-01   4.6102952e+00
   2.0933145e+01  -6.0296819e-01   4.0244363e+00
   2.0926202e+01  -2.4386191e-01   6.1647905e+00
   2.0934086e+01  -1.3160762e+00   2.6878762e+00
   2.0925276e+01  -2.5640968e-01   5.2088161e+00
   2.0928192e+01  -5.9234616e-01   5.4484231e+00
   2.0825878e+01  -1.1309650e+00   2.5200117e+00
   2.0827112e+01  -5.0048353e-01   5.5993153e+00
   2.0830006e+01  -1.4416587e-01   3.6740508e+00
   2.0830806e+01   3.9462910e-01   3.0985687e+00
   2.0823658e+01  -5.4575384e-01   4.3598243e+00
   2.0854412e+01   1.1663059e+00   4.4878882e+00
   2.0839496e+01  -3.9405600e-01   2.8576000e+00
   2.0836333e+01  -4.7192500e-01   7.3582666e+00
   2.0836209e+01  -1.4511545e+00   2.9778454e+00
   2.0826000e+01  -5.1060833e-01   2.3361625e+00
   2.0828118e+01  -4.3187647e-01   3.1743941e+00
   2.0818903e+01  -9.2213077e-01   4.7615103e+00
   2.0808420e+01  -8.2634999e-01   6.6163900e+00
   2.0822391e+01  -8.2697272e-01   7.0597274e+00
   2.0795640e+01  -9.3839000e-01   5.9981501e+00
   2.0728442e+01  -5.7985560e-01   4.9107035e+00
   2.0729882e+01  -6.6681349e-01   2.5159763e+00
   2.0736691e+01  -8.9889063e-01   4.2686437e+00
   2.0734210e+01   4.9727354e-01   3.3681249e+00
   2.0741328e+01   3.3071667e-01   3.9799611e+00
   2.0724436e+01   3.9263637e-02   5.4812864e+00
   2.0723737e+01  -6.4038250e-01   7.3095825e+00
   2.0738400e+01  -1.4799286e+00   2.9060714e+00
   2.0715358e+01  -8.0614737e-01   3.7693211e+00
   2.0636395e+01  -1.4427800e+00   2.7155446e+00
   2.0631242e+01  -5.1688168e-01   3.0620898e+00
   2.0640427e+01  -6.3487547e-01   6.8321273e+00
   2.0636023e+01  -1.0360583e+00   5.4751892e+00
   2.0638919e+01  -7.1861343e-01   6.0280403e+00
   2.0644930e+01  -2.2320000e-02   2.7425400e+00
   2.0643331e+01  -7.0884375e-01   5.6526501e+00
   2.0623716e+01   4.1984615e-01   4.4458154e+00
   2.0530377e+01  -5.9440727e-01   1.1580745e+00
   2.0536598e+01  -1.2443571e+00   5.6489400e+00
   2.0529868e+01  -2.1573523e-01   5.4888784e+00
   2.0529760e+01  -7.7157766e-01   3.4399979e+00
   2.0529178e+01  -7.0215000e-01   5.4837750e+00
   2.0544328e+01  -7.2591111e-01   4.9964778e+00
   2.0533342e+01  -5.0096505e-01   3.9499825e+00
   2.0553423e+01  -4.3262941e-01   7.0656588e+00
   2.0536941e+01  -1.5706806e+00   2.9466854e+00
   2.0532936e+01  -9.8237949e-01   6.7813859e+00
   2.0536567e+01   4.1152778e-01   4.4201778e+00
   2.0536113e+01  -3.1459770e-01   6.8968230e+00
   2.0535623e+01  -5.4311154e-01   4.5562577e+00
   2.0531464e+01  -8.0641591e-01   6.1437909e+00
   2.0523391e+01   1.1999048e-01   5.7784619e+00
   2.0520787e+01  -7.9847895e-01   4.6794421e+00
   2.0529578e+01   5.0767222e-01   3.6966445e+00
   2.0461066e+01  -6.4838297e-01   2.4469006e-01
   2.0438565e+01  -7.1877666e-01   2.2955450e+00
   2.0427896e+01  -1.9461538e-02   4.2330882e+00
   2.0431100e+01  -1.1531281e+00   6.9702895e+00
   2.0434790e+01  -8.0118580e-01   3.6649977e+00
   2.0469291e+01  -1.5605000e-01   7.1379334e+00
   2.0435887e+01  -1.2670000e-01   5.6492908e+00
   2.0431954e+01  -9.1517209e-01   4.7953396e+00
   2.0436127e+01  -1.4443137e+00   5.7949392e+00
   2.0436198e+01  -8.6128333e-01   6.2077119e+00
   2.0418973e+01   2.4856207e-01   5.8973517e+00
   2.0432629e+01  -5.1649524e-01   4.6410762e+00
   2.0441293e+01  -3.2407333e-01   3.0269800e+00
   2.0431862e+01  -6.5206923e-01   2.6333923e+00
   2.0427198e+01  -7.9216630e-01   5.5870528e+00
   2.0420756e+01  -1.3067556e+00   3.4358555e+00
   2.0435581e+01  -6.8158749e-01   2.9037750e+00
   2.0429073e+01  -1.7373182e+00   5.9663454e+00
   2.0422225e+01  -3.5731667e-01   2.6006250e+00
   2.0329925e+01   7.2519609e-03   5.7959990e+00
   2.0357718e+01  -1.2251182e+00   7.0792045e+00
   2.0339107e+01   2.8066433e-02   4.3356671e+00
   2.0336688e+01  -5.1067879e-01   4.6968030e+00
   2.0340314e+01  -8.3277895e-01   5.6824860e+00
   2.0326993e+01  -1.6132065e+00   5.9059000e+00
   2.0331883e+01  -4.5001250e-01   6.7980459e+00
   2.0336137e+01  -7.8921053e-01   3.6441000e+00
   2.0326074e+01  -9.6545410e-01   6.2723344e+00
   2.0334161e+01  -7.9463137e-01   3.9877333e+00
   2.0336284e+01  -7.3945238e-01   2.3768786e+00
   2.0360543e+01  -7.4715000e-01  -2.6865714e-01
   2.0338200e+01  -1.0212333e+00   4.8801000e+00
   2.0313092e+01  -6.7831667e-01   3.3899417e+00
   2.0238804e+01   1.0944792e-01   4.4634240e+00
   2.0235433e+01   4.2084091e-02   5.8731239e+00
   2.0247220e+01  -1.0097120e+00   6.3044120e+00
   2.0235251e+01  -1.6358919e+00   5.9608162e+00
   2.0238955e+01  -7.7882727e-01   5.8005818e+00
   2.0239039e+01  -7.8544615e-01   4.0806192e+00
   2.0231698e+01  -8.4379107e-01   3.7421554e+00
   2.0231125e+01  -4.7230000e-01   4.7960150e+00
   2.0251440e+01  -5.1600000e-02   3.9052400e+00
   2.0232782e+01  -7.0480741e-01   3.3177704e+00
   2.0233644e+01  -6.9618750e-01   2.9189812e+00
   2.0231488e+01  -7.6492600e-01   2.4674840e+00
   2.0232667e+01  -3.6725834e-01   6.9091750e+00
   2.0126349e+01   2.9754675e-01   6.0158714e+00
   2.0134589e+01   1.5129138e-01   4.5632810e+00
   2.0137749e+01  -7.9533919e-01   2.5230621e+00
   2.0127071e+01  -4.2360476e-01   4.8707857e+00
   2.0118916e+01   6.8041986e-01   5.0079411e+00
   2.0136282e+01  -1.0990237e+00   6.3632052e+00
   2.0134759e+01  -7.2438182e-01   2.8969773e+00
   2.0136984e+01  -9.8560000e-01   3.7789281e+00
   2.0138687e+01  -1.7028652e+00   6.1054826e+00
   2.0136797e+01  -7.0339355e-01   5.8341774e+00
   2.0125736e+01  -8.3307179e-01   4.1015564e+00
   2.0037567e+01  -9.1105890e-01   4.1601123e+00
   2.0027753e+01  -1.2407139e+00   3.7792306e+00
   2.0028943e+01  -4.1106071e-01   4.9326857e+00
   2.0047599e+01   3.5272407e-01   4.7598833e+00
   2.0031943e+01   3.6618969e-01   6.1484392e+00
   2.0039026e+01  -1.0858296e+00   6.4605000e+00
   2.0044274e+01  -1.7774267e+00   6.1857000e+00
   2.0020831e+01  -7.4266875e-01   3.5227125e+00
   2.0029739e+01  -8.2149412e-01   2.5559961e+00
   2.0045953e+01  -8.5648948e-01   3.7957158e+00
   2.0025957e+01  -7.0329285e-01   2.9403643e+00
   2.0031600e+01  -5.9161764e-01   5.9308764e+00
   1.9925504e+01  -9.0741915e-01   2.6277319e+00
   1.9930931e+01  -3.8152353e-01   4.9959432e+00
   1.9938071e+01  -7.0323750e-01   2.9500000e+00
   1.9939258e+01  -5.5400417e-01   6.0060333e+00
   1.9934172e+01  -9.5762128e-01   4.2583127e+00
   1.9924418e+01  -8.6061177e-01   3.8170294e+00
   1.9929419e+01   1.1974762e-01   4.6946452e+00
   1.9945957e+01  -6.3667858e-01   4.0836857e+00
   1.9940883e+01  -7.3162500e-01   3.5168083e+00
   1.9920523e+01  -4.6525769e-01   2.4567423e+00
   1.9931274e+01  -1.0987043e+00   6.5857739e+00
   1.9838006e+01   7.7834615e-02   4.7858365e+00
   1.9832348e+01  -9.7590294e-01   2.6666500e+00
   1.9826761e+01  -6.8464782e-01   3.0612870e+00
   1.9826927e+01  -5.8260000e-01   4.0126800e+00
   1.9830252e+01  -8.4025789e-01   3.8249632e+00
   1.9830782e+01  -3.5039578e-01   2.4101211e+00
   1.9836388e+01  -4.1344706e-01   6.1915059e+00
   1.9836146e+01  -3.2839855e-01   5.0969869e+00
   1.9838267e+01  -1.0724405e+00   4.3110548e+00
   1.9730239e+01   8.9272223e-02   4.8237666e+00
   1.9737280e+01  -4.4691765e-01   5.1581000e+00
   1.9728332e+01  -1.1135371e+00   4.3834200e+00
   1.9732506e+01  -6.9899732e-01   2.6516196e+00
   1.9770000e+01  -6.8746363e-01   3.0808091e+00
   1.9734467e+01  -1.7449333e-01   2.3243067e+00
   1.9731743e+01  -5.0409999e-01   3.9181260e+00
   1.9729862e+01  -8.1167693e-01   3.8323385e+00
   1.9633207e+01  -3.1250217e-01   5.2335043e+00
   1.9636818e+01  -8.3109091e-02   2.3212091e+00
   1.9653049e+01  -5.6134898e-01   2.5739245e+00
   1.9634371e+01  -4.5622917e-01   3.9498042e+00
   1.9624756e+01  -1.1485736e+00   2.8242667e+00
   1.9640480e+01   6.3773332e-02   4.9038000e+00
   1.9637908e+01  -1.1620839e+00   4.4447661e+00
   1.9624433e+01  -8.1515833e-01   3.8397083e+00
   1.9537221e+01  -1.1929192e+00   2.8580233e+00
   1.9549094e+01   5.3000001e-03   2.4120125e+00
   1.9526866e+01  -2.8554595e-01   5.3341081e+00
   1.9521797e+01  -1.3205838e+00   4.5482177e+00
   1.9521050e+01  -1.5918357e+00   3.1318429e+00
   1.9531487e+01  -6.7309459e-01   3.9026365e+00
   1.9531957e+01   3.8076190e-02   4.9935715e+00
   1.9447060e+01  -2.6230690e-01   5.4607552e+00
   1.9431765e+01  -1.3599319e+00   2.9834173e+00
   1.9425118e+01  -8.7832727e-01   3.9265849e+00
   1.9432273e+01  -8.2820001e-01   2.6837077e+00
   1.9437737e+01  -1.3407949e+00   4.5968034e+00
   1.9429390e+01   2.7042857e-02   5.0862714e+00
   1.9339418e+01  -9.1061600e-01   4.0062240e+00
   1.9337865e+01   5.0900000e-03   5.1911800e+00
   1.9334593e+01  -8.0044286e-01   2.6492000e+00
   1.9344686e+01  -1.6842857e+00   3.1187786e+00
   1.9327356e+01  -1.2742902e+00   2.9441066e+00
   1.9338331e+01  -1.1280692e+00   4.5757308e+00
   1.9325211e+01  -1.3655457e+00   4.7462172e+00
   1.9230638e+01  -9.1500250e-01   4.1775150e+00
   1.9236482e+01  -1.3377260e+00   2.9978644e+00
   1.9239955e+01  -1.3944742e+00   4.8392129e+00
   1.9238458e+01  -1.1018750e+00   4.6971916e+00
   1.9139824e+01  -1.3110733e+00   3.0599022e+00
   1.9150992e+01  -9.0398462e-01   4.2625923e+00
   1.9145360e+01  -1.0719400e+00   4.7754200e+00
   1.9038904e+01  -1.2537000e+00   3.1453038e+00
   1.8929678e+01  -1.2966652e+00   3.2240261e+00
   1.8837327e+01  -1.2864385e+00   3.3405615e+00
   2.1277833e+01   1.4106750e+00   4.9520000e+00
   2.1242382e+01   1.3438530e+00   4.8649001e+00
   2.1201204e+01   1.2418783e+00   4.7680392e+00
   2.1176520e+01   1.1414000e+00   4.5827296e+00
   2.1040369e+01   1.1080533e+00   4.5241960e+00
   2.1005611e+01   1.0197747e+00   4.4497862e+00
   2.1071031e+01   8.6605961e-01   4.3387539e+00
   2.1102430e+01   8.4041000e-01   3.3234700e+00
   2.1062203e+01   7.5874930e-01   4.2363465e+00
   2.1052693e+01   7.5939333e-01   3.2892200e+00
   2.2045800e+01   1.8177500e-01   5.6863166e+00
   2.1505100e+01   3.7031176e-01   3.8645235e+00
   2.1946066e+01   1.0984828e-01   5.5419690e+00
   2.0813435e+01   7.7533528e-01   3.0832294e+00
   2.1093067e+01   6.0332122e-01   3.3501425e+00
   2.1056144e+01   6.3697561e-01   4.1737927e+00
   2.0864437e+01   7.2301053e-01   3.7866789e+00
   2.0899696e+01   6.1166398e-01   3.4048500e+00
   2.1021542e+01   5.4316042e-01   4.1258146e+00
   2.1390904e+01   3.2284231e-01   3.9575077e+00
   2.1865924e+01   6.2038095e-02   5.4456857e+00
   2.0800133e+01   5.6055164e-01   3.2786484e+00
   2.0174754e+01   8.9717693e-01   5.2716000e+00
   2.1810054e+01  -2.4848649e-02   5.4124135e+00
   2.1008470e+01   4.3709250e-01   4.0842875e+00
   2.1029647e+01   4.2525333e-01   2.9276333e+00
   2.1320373e+01   2.4250667e-01   2.9150800e+00
   2.1421770e+01   1.8342000e-01   4.9007500e+00
   2.0833912e+01   4.2667009e-01   3.0301075e+00
   2.0996756e+01   3.3146364e-01   4.0121236e+00
   2.1737148e+01  -9.8874193e-02   5.3282581e+00
   2.0699108e+01   4.9319687e-01   3.6101844e+00
   2.1206535e+01   2.1208000e-01   2.8458850e+00
   2.1412933e+01   8.0699999e-02   4.9128933e+00
   2.0131721e+01   8.2401516e-01   5.1634091e+00
   2.1257374e+01   7.6589474e-02   4.8983262e+00
   2.0902524e+01   2.7104889e-01   2.8976411e+00
   2.0668973e+01   4.1306129e-01   3.5362564e+00
   2.0907599e+01   2.7155250e-01   3.9462275e+00
   2.0588733e+01   4.3144445e-01   4.4325278e+00
   2.1650921e+01  -1.6951765e-01   5.2764971e+00
   2.0112896e+01   7.1141607e-01   5.0257071e+00
   2.1210690e+01   7.5740000e-02   2.5755000e+00
   2.1143445e+01   1.2363636e-01   2.3494364e+00
   2.0688537e+01   2.8156250e-01   3.3564771e+00
   2.0907711e+01   1.4806667e-01   3.8580896e+00
   2.0929943e+01   1.3445102e-01   2.7761041e+00
   2.0088500e+01   6.1888040e-01   4.9302941e+00
   2.0460835e+01   4.1402353e-01   4.4204853e+00
   2.1407014e+01  -1.4075306e-01   5.0786020e+00
   2.2039686e+01  -5.1537619e-01   3.5295000e+00
   2.1095654e+01   3.5772727e-02   2.3469182e+00
   2.1764989e+01  -3.5605789e-01   4.0783737e+00
   2.0864070e+01   5.9794791e-02   2.7490125e+00
   2.0656847e+01   1.8468372e-01   3.3008395e+00
   2.1955209e+01  -5.7657500e-01   3.4034719e+00
   2.1273914e+01  -1.8424444e-01   5.0137794e+00
   2.1071020e+01  -6.5800000e-02   2.3580250e+00
   2.0861529e+01   5.8955882e-02   3.7295647e+00
   2.1467996e+01  -2.9281154e-01   6.5130038e+00
   2.0499209e+01   2.6350416e-01   5.8718875e+00
   2.0098355e+01   5.0444250e-01   4.8376475e+00
   2.1689367e+01  -4.2275000e-01   3.9396111e+00
   2.0404993e+01   3.2205000e-01   4.3992678e+00
   2.0021809e+01   5.2219130e-01   6.3078739e+00
   2.0867555e+01  -5.4408108e-02   3.6491446e+00
   2.0895760e+01  -7.2099999e-02   5.2866600e+00
   2.0812149e+01  -3.0737363e-02   2.6803978e+00
   2.1370313e+01  -3.4375161e-01   6.4406387e+00
   2.1804418e+01  -6.0599286e-01   3.1998714e+00
   2.0328332e+01   2.4760175e-01   4.4352842e+00
   2.0064479e+01   4.0058108e-01   4.7400081e+00
   2.1460329e+01  -3.9597857e-01   4.3389500e+00
   2.1532390e+01  -4.4881667e-01   3.6365167e+00
   2.1935559e+01  -6.5879412e-01   3.4415236e+00
   2.0646411e+01   6.6851428e-02   3.2342343e+00
   2.0071134e+01   3.8772078e-01   6.1363857e+00
   2.0398220e+01   2.1069500e-01   5.8866800e+00
   2.1002353e+01  -1.4333684e-01   6.2554684e+00
   2.0534730e+01   1.3262000e-01   5.7729001e+00
   2.1263697e+01  -2.8227027e-01   4.9346054e+00
   2.1039042e+01  -1.4674167e-01   2.3695417e+00
   2.0725612e+01   3.2323530e-02   5.4869529e+00
   2.2231617e+01  -8.4035000e-01   5.2122834e+00
   2.1030725e+01  -1.6483333e-01   5.0739834e+00
   2.0964018e+01  -1.2688182e-01   2.8898727e+00
   2.1239410e+01  -2.9194000e-01   3.9692400e+00
   2.0730941e+01  -9.3677272e-02   2.6532379e+00
   2.0354109e+01   1.2190222e-01   4.3973956e+00
   2.1425643e+01  -4.9321429e-01   3.5464643e+00
   2.1695905e+01  -6.3745714e-01   3.0863190e+00
   2.1025141e+01  -2.6723529e-01   2.3784941e+00
   2.2005155e+01  -8.3916809e-01   4.8911659e+00
   2.0163662e+01   2.3095766e-01   5.9648739e+00
   2.0656646e+01  -5.9290910e-02   5.5020455e+00
   2.1210358e+01  -3.5894884e-01   4.8625953e+00
   2.0612285e+01  -3.2178049e-02   3.1672000e+00
   2.0829142e+01  -1.4344333e-01   3.6333983e+00
   2.0988800e+01  -2.5173846e-01   5.1079385e+00
   2.0100639e+01   2.5960656e-01   4.6449787e+00
   2.0980570e+01  -2.5454348e-01   6.1817217e+00
   2.0880013e+01  -1.7984667e-01   5.2999400e+00
   2.1298552e+01  -4.2487586e-01   6.3387517e+00
   2.1262845e+01  -4.0197000e-01   5.5944500e+00
   2.1506147e+01  -5.3903334e-01   2.7845733e+00
   2.1440432e+01  -5.1390625e-01   4.3945688e+00
   2.1569460e+01  -5.7538000e-01   3.6919000e+00
   2.0469580e+01   6.6820001e-02   5.7759700e+00
   2.0781640e+01  -1.5238667e-01   4.2224467e+00
   2.1166083e+01  -3.5162500e-01   3.9932167e+00
   2.0805946e+01  -2.5450538e-01   3.6097355e+00
   2.0717742e+01  -2.0447675e-01   2.5204884e+00
   2.0354054e+01   6.4791135e-03   5.7429538e+00
   2.1854472e+01  -8.6705938e-01   4.7566719e+00
   2.1126750e+01  -4.4400833e-01   4.0495333e+00
   2.1472335e+01  -6.4563016e-01   2.9012111e+00
   2.0862763e+01  -2.9644375e-01   5.3008874e+00
   2.1342081e+01  -5.5975384e-01   3.4983923e+00
   2.0598778e+01  -1.2981429e-01   3.0761678e+00
   2.0159141e+01   1.1606477e-01   4.5517216e+00
   2.1025377e+01  -3.8243077e-01   4.7070590e+00
   2.0978332e+01  -3.5767727e-01   2.3974682e+00
   2.0910993e+01  -3.1700741e-01   6.1226074e+00
   2.0752818e+01  -2.1288182e-01   4.1009909e+00
   2.1199693e+01  -4.8143000e-01   6.2787100e+00
   2.1116484e+01  -4.3131053e-01   2.8276316e+00
   2.1719300e+01  -7.9437693e-01   6.2411923e+00
   2.1534773e+01  -6.8100666e-01   5.8904400e+00
   2.1414295e+01  -6.1743500e-01   4.3960450e+00
   2.0872671e+01  -3.1012941e-01   2.8811000e+00
   2.0945748e+01  -3.4037143e-01   5.1533238e+00
   2.0522373e+01  -1.1000000e-01   7.1607909e+00
   2.0790245e+01  -3.6330000e-01   4.3823364e+00
   2.0196389e+01  -1.7974194e-02   4.4110102e+00
   2.0973437e+01  -4.5796316e-01   2.4046789e+00
   2.0542123e+01  -2.1724856e-01   5.5532596e+00
   2.0581626e+01  -2.4092093e-01   3.0195814e+00
   2.1265891e+01  -6.4092105e-01   2.6943035e+00
   2.0977562e+01  -4.6845283e-01   6.1117359e+00
   2.1640128e+01  -8.5860000e-01   4.5987071e+00
   2.0686972e+01  -3.0307465e-01   2.4401634e+00
   2.0730785e+01  -3.1795500e-01   4.1234250e+00
   2.1133156e+01  -5.7056875e-01   5.5725812e+00
   2.0532183e+01  -2.1354255e-01   6.9920851e+00
   2.1028077e+01  -4.8802308e-01   2.8282000e+00
   2.0781385e+01  -3.5212466e-01   3.5588795e+00
   2.0958612e+01  -4.5091200e-01   4.6292520e+00
   2.1352000e+01  -6.9341000e-01   4.3462733e+00
   2.1658655e+01  -8.5867273e-01   6.1689864e+00
   2.1142745e+01  -5.6506667e-01   3.4458000e+00
   2.1452813e+01  -7.5263750e-01   5.8977187e+00
   2.1053616e+01  -5.1907895e-01   4.0932106e+00
   2.1821883e+01  -9.4835556e-01   4.7988111e+00
   2.0621190e+01  -3.8397625e-01   2.9005888e+00
   2.0806568e+01  -4.9465729e-01   4.5561291e+00
   2.0731281e+01  -4.4907523e-01   3.8410867e+00
   2.0922218e+01  -5.5569338e-01   5.6686885e+00
   1.9820909e+01   8.1595745e-02   4.7979574e+00
   2.0677666e+01  -4.1037500e-01   2.3590625e+00
   2.0376173e+01  -2.3821818e-01   2.6198182e+00
   2.0947661e+01  -5.5629445e-01   2.7952944e+00
   1.9986715e+01  -1.4269230e-02   4.3339846e+00
   2.0567229e+01  -3.4622245e-01   6.8764449e+00
   2.1122086e+01  -6.5827895e-01   2.5689228e+00
   2.0262000e+01  -1.5785000e-01   5.7384416e+00
   2.0723373e+01  -4.4880910e-01   6.2970273e+00
   2.0695287e+01  -4.1971333e-01   6.5644400e+00
   2.0204708e+01  -1.2297692e-01   5.9450462e+00
   2.0595545e+01  -3.7593636e-01   7.1065636e+00
   2.0620050e+01  -4.1567001e-01   1.6304900e+00
   2.0676460e+01  -5.3280095e-01   3.6653141e+00
   2.1147490e+01  -7.9100000e-01   6.2451200e+00
   1.9844906e+01  -3.0818751e-02   4.8261188e+00
   2.0741421e+01  -5.6478572e-01   7.3222928e+00
   1.9640787e+01   6.6566666e-02   4.9060083e+00
   2.0592662e+01  -5.9321223e-01   2.7660091e+00
   1.9541820e+01   3.1380000e-02   2.4439000e+00
   1.9675794e+01  -7.3143750e-02   2.3289563e+00
   1.9867020e+01  -1.5505000e-01   5.0796900e+00
   1.9488453e+01   3.9121875e-02   5.0229187e+00
   2.0518842e+01  -6.5780240e-01   1.2619779e+00
   2.0676863e+01  -7.4224187e-01   6.8490931e+00
   2.0625845e+01  -7.2475758e-01   5.5828588e+00
   2.0357058e+01  -5.4510000e-01   4.3000334e+00
   2.0067277e+01  -4.0956048e-01   4.8956444e+00
   1.9790520e+01  -2.4153788e-01   2.3734364e+00
   2.0715061e+01  -7.8121346e-01   4.5891231e+00
   2.0775580e+01  -8.2010001e-01   4.2700933e+00
   1.9360856e+01   7.0359998e-03   5.1692480e+00
   2.0645418e+01  -8.5125001e-01   6.6753214e+00
   2.0469669e+01  -7.3205490e-01   3.3437092e-01
   2.0536625e+01  -7.8665727e-01   2.3327410e+00
   2.0323117e+01  -6.6670834e-01   2.6303333e+00
   1.9684402e+01  -3.0504970e-01   5.2285704e+00
   2.0530008e+01  -7.5996538e-01   1.5967231e+00
   2.0419950e+01  -6.9351666e-01   2.8978500e+00
   2.0510155e+01  -7.7392639e-01   5.4804458e+00
   2.0430287e+01  -7.3495440e-01   3.6753664e+00
   2.0682637e+01  -8.4935455e-01   7.0664364e+00
   2.0550965e+01  -7.9635306e-01   6.1325939e+00
   2.0747633e+01  -8.9947333e-01   4.2765467e+00
   2.0640119e+01  -8.5587118e-01   4.7082542e+00
   2.0663755e+01  -8.8077500e-01   3.7551950e+00
   1.9824690e+01  -3.8184583e-01   2.4629396e+00
   2.0558086e+01  -7.8436429e-01   2.7924000e+00
   1.9916704e+01  -4.5014286e-01   6.1081536e+00
   2.0773900e+01  -9.2097500e-01   5.9914688e+00
   2.0588587e+01  -8.0066364e-01   3.1885045e+00
   2.1034610e+01  -1.0804700e+00   2.5452700e+00
   2.0290962e+01  -6.7922307e-01   2.9254154e+00
   1.9550592e+01  -3.2488064e-01   5.3316766e+00
   2.0248160e+01  -7.3541134e-01   5.7667309e+00
   2.0447995e+01  -8.5907907e-01   6.2044372e+00
   2.0564657e+01  -9.1436596e-01   6.7307787e+00
   1.9874343e+01  -5.1707391e-01   2.4937043e+00
   2.0465700e+01  -8.5557200e-01   4.7463240e+00
   2.0376046e+01  -8.1017888e-01   3.7840826e+00
   2.0269846e+01  -7.4822059e-01   2.4358485e+00
   1.9680650e+01  -4.1625000e-01   2.5328688e+00
   2.0726654e+01  -1.0282000e+00   5.9894692e+00
   2.0770282e+01  -1.0454633e+00   2.4285265e+00
   2.0669837e+01  -9.9085854e-01   5.4382293e+00
   2.0788069e+01  -1.0450231e+00   4.9002386e+00
   2.0403265e+01  -8.1542941e-01  -2.4902941e-01
   2.0218904e+01  -7.1636333e-01   3.3190000e+00
   2.0184148e+01  -6.9977619e-01   2.9117286e+00
   1.9765973e+01  -4.8427334e-01   3.8955333e+00
   1.9741415e+01  -5.4452307e-01   3.4062923e+00
   1.9933403e+01  -6.6991334e-01   4.0368322e+00
   1.9748783e+01  -5.5665555e-01   5.1666056e+00
   2.0921220e+01  -1.2420467e+00   5.4079333e+00
   2.0181596e+01  -8.1768961e-01   3.7000662e+00
   1.9938846e+01  -6.6637273e-01   5.9127363e+00
   2.0297408e+01  -8.7732571e-01   5.7142857e+00
   1.9480456e+01  -4.0515000e-01   5.4232445e+00
   2.0410172e+01  -9.4426111e-01   4.8278944e+00
   2.0149215e+01  -7.9170135e-01   2.5025392e+00
   2.0362222e+01  -9.2575000e-01   6.2560563e+00
   2.0514538e+01  -1.0097441e+00   6.8015000e+00
   1.9976136e+01  -6.9858085e-01   2.9761575e+00
   2.0798352e+01  -1.1795011e+00   2.5548348e+00
   2.0444820e+01  -9.5803334e-01   3.5470600e+00
   1.9680790e+01  -5.2409000e-01   2.5593150e+00
   2.0625518e+01  -1.0768780e+00   5.4853460e+00
   2.0039352e+01  -8.5024600e-01   2.5665840e+00
   2.0867020e+01  -1.3251448e+00   2.6370486e+00
   1.9861387e+01  -7.4098750e-01   2.9679125e+00
   2.0428339e+01  -1.0725384e+00   3.4887385e+00
   2.0466138e+01  -1.0984115e+00   6.9071885e+00
   1.9704580e+01  -6.6468750e-01   2.6145925e+00
   2.0361571e+01  -1.0263357e+00   4.8860929e+00
   2.0293851e+01  -9.9863830e-01   6.2848128e+00
   2.0087792e+01  -8.7433749e-01   4.1307200e+00
   2.0122648e+01  -8.9971428e-01   3.8072839e+00
   1.9543329e+01  -5.7078095e-01   3.9170381e+00
   2.0584218e+01  -1.1739974e+00   5.6171395e+00
   2.0402554e+01  -1.0512846e+00   5.6671923e+00
   1.9942251e+01  -9.0170393e-01   4.2428392e+00
   2.0539219e+01  -1.2524355e+00   5.7030710e+00
   2.0418198e+01  -1.1840357e+00   6.9903714e+00
   2.0698536e+01  -1.3400132e+00   2.5470276e+00
   1.9866272e+01  -8.6479880e-01   2.6414386e+00
   1.9937518e+01  -9.0711231e-01   3.8111615e+00
   2.0459673e+01  -1.1927818e+00   3.4757727e+00
   2.0192865e+01  -1.0568206e+00   6.3369794e+00
   2.0804755e+01  -1.4189546e+00   2.9932454e+00
   1.9536481e+01  -6.8355769e-01   3.8872308e+00
   1.9561026e+01  -7.9989348e-01   3.8674174e+00
   1.9736580e+01  -9.0754588e-01   2.6923882e+00
   2.0430000e+01  -1.3065667e+00   3.4326083e+00
   1.9896450e+01  -9.9567354e-01   4.2836794e+00
   2.0116300e+01  -1.1246737e+00   3.7635263e+00
   2.0066250e+01  -1.1001667e+00   6.4369047e+00
   2.0364324e+01  -1.2467235e+00   7.1027000e+00
   2.0065740e+01  -1.0926700e+00   4.1956900e+00
   2.0649155e+01  -1.4376224e+00   2.7294396e+00
   2.0499041e+01  -1.3399973e+00   5.7458973e+00
   1.9406475e+01  -8.3827500e-01   3.9657500e+00
   2.0464926e+01  -1.4464882e+00   5.7868882e+00
   1.9783330e+01  -1.0498723e+00   4.3421660e+00
   1.9933958e+01  -1.1211231e+00   6.5824923e+00
   1.9655593e+01  -9.7554386e-01   2.7283298e+00
   1.9357153e+01  -7.8918823e-01   2.6399471e+00
   2.0025395e+01  -1.2055111e+00   3.7650167e+00
   2.0569913e+01  -1.5082605e+00   2.9100000e+00
   2.0404470e+01  -1.4088900e+00   3.4447900e+00
   2.0532692e+01  -1.5858584e+00   2.9899442e+00
   1.9591487e+01  -1.0579739e+00   2.7855891e+00
   1.9995300e+01  -1.3047778e+00   3.8160722e+00
   2.0411295e+01  -1.5356895e+00   5.8342053e+00
   1.9649917e+01  -1.0943714e+00   4.4414429e+00
   1.9307163e+01  -8.9573559e-01   4.0606712e+00
   1.9870200e+01  -1.2228900e+00   4.2645700e+00
   1.9357094e+01  -1.0286000e+00   3.9631389e+00
   2.0323542e+01  -1.5917895e+00   5.8930763e+00
   2.0536910e+01  -1.7124053e+00   2.8588211e+00
   1.9197200e+01  -9.3660690e-01   4.2301897e+00
   1.9558089e+01  -1.1528708e+00   2.8344736e+00
   1.9609733e+01  -1.1873563e+00   4.4519979e+00
   1.9510502e+01  -1.2365478e+00   2.9023109e+00
   2.0269983e+01  -1.6657692e+00   5.9659711e+00
   1.9428637e+01  -1.1953978e+00   4.5613380e+00
   1.9383409e+01  -1.2754474e+00   2.9330928e+00
   1.9453062e+01  -1.3193577e+00   4.5624269e+00
   2.0152891e+01  -1.7147667e+00   6.0952476e+00
   1.9311228e+01  -1.3632000e+00   4.7471945e+00
   1.9509940e+01  -1.4672350e+00   4.6199500e+00
   1.9290941e+01  -1.3426167e+00   3.0192939e+00
   2.0057963e+01  -1.7808812e+00   6.1813437e+00
   1.9196204e+01  -1.3996506e+00   3.1216734e+00
   1.9252400e+01  -1.4219964e+00   4.8631928e+00
   1.9483278e+01  -1.5875786e+00   4.6894001e+00
   1.8850000e+01  -1.3009474e+00   3.3251211e+00
   1.9444237e+01  -1.6467579e+00   3.0961474e+00
   1.9214182e+01  -1.5308818e+00   3.1788819e+00
   1.9380884e+01  -1.7205158e+00   3.1169421e+00
   2.0136088e+01   8.7429200e-01   5.2284920e+00
   2.0862364e+01   1.1953786e+00   4.5066928e+00
   2.0117585e+01   7.6169074e-01   5.0887111e+00
   2.1238540e+01   1.3951800e+00   4.9151133e+00
   2.0098285e+01   6.4368940e-01   4.9611560e+00
   2.1081115e+01   1.1958235e+00   4.6932612e+00
   1.9971482e+01   5.5056364e-01   6.3691636e+00
   2.0091741e+01   5.1359545e-01   4.8353523e+00
   2.1068516e+01   1.0804128e+00   4.5297337e+00
   2.0012044e+01   4.6759565e-01   6.2546608e+00
   1.9309671e+01   3.4135294e-02   5.1996412e+00
   2.1086892e+01   9.7227470e-01   4.4095169e+00
   2.0069893e+01   3.9565610e-01   4.7361878e+00
   2.0059491e+01   3.8008704e-01   6.1321056e+00
   1.9464377e+01   4.3912500e-02   5.0518425e+00
   2.0798288e+01   7.7941175e-01   3.0913353e+00
   1.9945789e+01   1.9918239e-01   4.7017949e+00
   2.0087467e+01   2.9969545e-01   6.0393470e+00
   2.1079846e+01   8.5712308e-01   4.3322436e+00
   2.0512591e+01   5.4255000e-01   3.7014500e+00
   2.0811243e+01   6.8658889e-01   3.7000302e+00
   1.9568273e+01  -1.5436363e-02   2.3913455e+00
   2.0765775e+01   6.6167213e-01   3.1097918e+00
   2.0694670e+01   6.1909001e-01   3.3972900e+00
   2.1095931e+01   8.5512500e-01   3.3315687e+00
   2.0797814e+01   5.8109961e-01   3.3825988e+00
   2.0041070e+01   1.5132583e-01   4.6700300e+00
   2.0476418e+01   3.9040164e-01   4.4168590e+00
   2.0148617e+01   2.0587073e-01   5.9374878e+00
   2.1101883e+01   7.5085000e-01   4.2066986e+00
   1.9457408e+01  -2.1257581e-01   5.4845225e+00
   1.9647673e+01  -8.1409091e-02   2.3096727e+00
   2.1079017e+01   6.2694000e-01   4.1573015e+00
   2.0810636e+01   4.7150325e-01   3.3213162e+00
   2.0206700e+01   1.2609643e-01   4.4767518e+00
   1.9724840e+01  -1.5562000e-01   2.3100400e+00
   1.9518324e+01  -2.7710723e-01   5.3511603e+00
   1.9881992e+01  -6.0216667e-02   4.8395917e+00
   2.0632675e+01   3.9295000e-01   4.4367000e+00
   2.0346006e+01   1.9321094e-01   5.8887500e+00
   2.0293922e+01   6.3977679e-02   4.4067679e+00
   2.0284718e+01   5.7592424e-02   5.8443516e+00
   2.0672577e+01   2.7628833e-01   3.3560700e+00
   1.9793700e+01  -2.3878965e-01   2.3821724e+00
   1.9590223e+01  -3.4461884e-01   5.2920333e+00
   2.0977766e+01   4.4950065e-01   3.1278310e+00
   2.1019127e+01   4.8186182e-01   4.1271091e+00
   2.0780958e+01   3.4583333e-01   4.0076833e+00
   1.9862475e+01  -2.1621666e-01   5.0845583e+00
   2.0545431e+01   1.8581538e-01   5.7837231e+00
   2.0350317e+01  -2.1397619e-02   5.8084119e+00
   2.0665589e+01   1.6452553e-01   3.2941894e+00
   2.0315684e+01  -3.9789796e-02   4.3523694e+00
   2.0883885e+01   2.8499153e-01   2.9155068e+00
   1.9785810e+01  -3.5709804e-01   2.4461176e+00
   2.0957308e+01   3.2446836e-01   3.9938937e+00
   1.9799461e+01  -3.5233214e-01   5.1110428e+00
   1.9548306e+01  -5.0043125e-01   3.9443000e+00
   2.0267600e+01  -7.9609091e-02   3.9245545e+00
   1.9779249e+01  -4.6785637e-01   2.5041182e+00
   2.0856325e+01   1.4791726e-01   2.8184885e+00
   2.0361262e+01  -1.2677750e-01   4.2673875e+00
   2.0460639e+01  -7.5340476e-02   5.6515274e+00
   1.9859240e+01  -4.1299000e-01   6.1812601e+00
   1.9635948e+01  -5.5670000e-01   3.9121231e+00
   2.0958382e+01   2.1277262e-01   3.9157262e+00
   1.9882265e+01  -4.1390000e-01   5.0393654e+00
   2.0620928e+01   1.8290000e-02   3.2107620e+00
   2.0057676e+01  -4.1617941e-01   4.8972971e+00
   1.9355243e+01  -8.3288909e-01   4.0337873e+00
   1.9775486e+01  -5.6995000e-01   5.1692818e+00
   2.0881812e+01   5.0877632e-02   3.7528631e+00
   2.0415230e+01  -2.1730000e-01   4.1242000e+00
   2.0851491e+01   3.3423134e-02   2.7224963e+00
   1.9929514e+01  -4.9616429e-01   6.0529571e+00
   2.0605143e+01  -1.1337143e-01   3.1000796e+00
   2.0537364e+01  -1.4997263e-01   5.5244105e+00
   2.0506169e+01  -1.6766897e-01   7.0981931e+00
   2.1400476e+01   3.4359210e-01   3.9321000e+00
   1.9742597e+01  -6.1646250e-01   2.5702625e+00
   2.1189416e+01   2.3040770e-01   2.3353000e+00
   1.9384657e+01  -8.1013667e-01   2.6813867e+00
   2.0462461e+01  -2.9601818e-01   4.0696750e+00
   2.0839467e+01  -8.7873950e-02   2.6002496e+00
   2.0559598e+01  -2.5789348e-01   3.0058348e+00
   2.0526920e+01  -2.6190820e-01   5.4835459e+00
   1.9465173e+01  -8.8250408e-01   3.9155898e+00
   2.1324570e+01   2.0584500e-01   2.9143350e+00
   2.0867744e+01  -7.6246552e-02   3.6230250e+00
   1.9967630e+01  -5.7038999e-01   2.4810100e+00
   2.0866030e+01  -6.8099999e-02   6.2356400e+00
   1.9490867e+01  -8.7145715e-01   2.7103810e+00
   1.9896408e+01  -6.3830000e-01   4.0687539e+00
   2.0537855e+01  -2.6397368e-01   6.9203342e+00
   2.0201522e+01  -4.5847037e-01   4.8220815e+00
   2.1644800e+01   3.8579091e-01   3.7923363e+00
   1.9717768e+01  -7.2876774e-01   2.6566936e+00
   2.0760906e+01  -1.5975625e-01   4.1730125e+00
   2.0420480e+01  -3.2452000e-01   2.6161300e+00
   1.9810229e+01  -6.8268333e-01   3.0760208e+00
   2.1114795e+01   7.5510000e-02   2.3435800e+00
   1.9996458e+01  -5.8365833e-01   5.9474500e+00
   2.0281418e+01  -4.2151765e-01   6.8563353e+00
   1.9159733e+01  -1.0716000e+00   4.7635733e+00
   2.0891927e+01  -6.9940909e-02   5.2889045e+00
   1.8830152e+01  -1.2762280e+00   3.3372360e+00
   2.0809184e+01  -2.2909579e-01   3.5932832e+00
   2.0676315e+01  -2.9828064e-01   2.4552129e+00
   2.0567891e+01  -3.6323409e-01   3.0011045e+00
   2.0521562e+01  -3.8625135e-01   3.9807297e+00
   1.9950753e+01  -7.1656562e-01   2.9526375e+00
   2.0578090e+01  -3.5462187e-01   6.8249438e+00
   1.9345680e+01  -1.0422733e+00   3.9651934e+00
   1.9991964e+01  -6.9097273e-01   4.0998272e+00
   2.1055819e+01  -7.2894445e-02   2.6115083e+00
   2.0732135e+01  -2.7279000e-01   4.1044800e+00
   2.0354995e+01  -4.8090000e-01   6.7608263e+00
   2.0333000e+01  -5.0062813e-01   4.6997406e+00
   1.8991770e+01  -1.2724017e+00   3.1846965e+00
   2.0063384e+01  -6.5034211e-01   5.8893525e+00
   1.9768324e+01  -8.2754762e-01   3.8330476e+00
   2.0502171e+01  -4.2096129e-01   8.4919356e-02
   2.1067733e+01  -7.4162963e-02   2.3571630e+00
   2.0593330e+01  -3.4591333e-01   5.4308100e+00
   1.9665516e+01  -8.9492894e-01   2.7339447e+00
   2.0946833e+01  -1.4434000e-01   2.8919600e+00
   2.0896733e+01  -1.8560833e-01   5.3108751e+00
   1.9959275e+01  -7.2008333e-01   3.5191083e+00
   2.1209140e+01   7.3702698e-03   4.9567351e+00
   2.0502506e+01  -4.2271111e-01   5.7909444e-01
   2.0571123e+01  -3.8640000e-01   7.1057076e+00
   2.0825908e+01  -3.3680682e-01   5.3005943e+00
   2.0547990e+01  -5.0782265e-01   9.6605072e-01
   1.9633036e+01  -1.0273205e+00   2.7786935e+00
   2.0578669e+01  -4.6716182e-01   6.8506600e+00
   2.0727007e+01  -3.7564000e-01   4.1304933e+00
   1.9485969e+01  -1.0992897e+00   4.5211692e+00
   2.0730029e+01  -3.8850889e-01   3.3409956e+00
   2.1298894e+01  -5.4002857e-02   4.9452543e+00
   2.0903857e+01  -2.9370227e-01   6.1174477e+00
   1.9913876e+01  -8.5034412e-01   3.8091794e+00
   2.0602471e+01  -4.5575000e-01   3.9039500e+00
   2.0035124e+01  -7.6185294e-01   3.5314529e+00
   2.0049808e+01  -7.6885000e-01   4.1151000e+00
   2.0868983e+01  -3.1019412e-01   2.8830353e+00
   2.0397364e+01  -5.5379091e-01   4.2986364e+00
   2.0508252e+01  -5.0921071e-01   4.6491286e+00
   2.0155340e+01  -7.1316000e-01   5.8078667e+00
   2.0918110e+01  -2.6252000e-01   3.1330600e+00
   2.1033189e+01  -2.1882778e-01   2.3940334e+00
   2.0176584e+01  -7.0659354e-01   2.9134935e+00
   2.0260204e+01  -6.6991724e-01   3.3159207e+00
   2.0773963e+01  -3.7430000e-01   4.3838454e+00
   2.0392260e+01  -5.8543001e-01   5.5567200e+00
   2.0476483e+01  -6.4367505e-01   2.3089075e+00
   2.0666436e+01  -5.4113889e-01   6.5432153e+00
   2.0993593e+01  -3.4535185e-01   2.3910333e+00
   2.0365842e+01  -7.1845156e-01   5.5944079e+00
   2.1261180e+01  -2.0691667e-01   4.9567367e+00
   2.1008277e+01  -3.3101539e-01   6.1722077e+00
   2.0740414e+01  -5.0234762e-01   7.3838809e+00
   2.0997362e+01  -3.6886176e-01   4.6629736e+00
   2.0643079e+01  -5.5895714e-01   6.8894215e+00
   2.1837584e+01   1.1508421e-01   5.4766685e+00
   2.0691782e+01  -6.2543975e-01   4.0246229e+00
   1.9530801e+01  -1.3011702e+00   2.9032224e+00
   1.9712936e+01  -1.1910308e+00   4.3971410e+00
   1.9221400e+01  -1.4830067e+00   3.1534934e+00
   1.9329515e+01  -1.4104350e+00   4.7770450e+00
   1.9837640e+01  -1.1211100e+00   2.6207300e+00
   2.1301700e+01  -2.8735883e-01   5.5784059e+00
   2.1307331e+01  -2.9977368e-01   6.3566263e+00
   1.9974902e+01  -1.0731650e+00   6.5336450e+00
   2.1190500e+01  -3.5390000e-01   3.9941880e+00
   2.0364270e+01  -8.4482307e-01   6.2634615e+00
   2.1746900e+01  -1.2235067e-01   5.3471507e+00
   2.0557987e+01  -8.2731149e-01   4.6735115e+00
   2.0593935e+01  -7.7762941e-01   2.7999353e+00
   1.9502523e+01  -1.4338114e+00   3.0226455e+00
   2.0702759e+01  -7.3582907e-01   6.3210707e+00
   2.0203698e+01  -1.0311750e+00   3.8254983e+00
   2.1142286e+01  -4.9366571e-01   5.5503029e+00
   2.0716897e+01  -7.2455195e-01   5.1552740e+00
   2.0996050e+01  -5.7334000e-01   2.7700200e+00
   2.1011913e+01  -5.6404815e-01   4.0593667e+00
   2.0451778e+01  -8.7801563e-01   3.6313625e+00
   2.0706445e+01  -7.2766000e-01   7.3283350e+00
   2.0642082e+01  -7.7273235e-01   3.1849000e+00
   2.0415154e+01  -9.0940455e-01   5.6464000e+00
   2.1313254e+01  -3.8532727e-01   4.9415000e+00
   2.0692310e+01  -7.5588095e-01   3.8079905e+00
   2.0629733e+01  -7.7889629e-01   2.3062482e+00
   1.9874580e+01  -1.2222600e+00   4.2656000e+00
   2.0947496e+01  -6.0503334e-01   2.3979708e+00
   1.9679090e+01  -1.3328800e+00   4.4681799e+00
   2.1477527e+01  -3.1172727e-01   3.5259909e+00
   1.9504059e+01  -1.4444059e+00   4.6079294e+00
   2.1478329e+01  -3.0099286e-01   4.3075715e+00
   2.1342829e+01  -4.9099286e-01   3.5161310e+00
   2.0700636e+01  -8.5734400e-01   2.3748560e+00
   2.1091432e+01  -6.3114634e-01   2.5342293e+00
   2.1093312e+01  -6.3766585e-01   5.5433780e+00
   2.0640863e+01  -8.9639629e-01   3.7414592e+00
   2.0316366e+01  -1.0617333e+00   6.2868933e+00
   2.0652008e+01  -8.9469722e-01   5.3662778e+00
   1.9491569e+01  -1.5515565e+00   4.6767261e+00
   2.0745362e+01  -8.2623810e-01   7.0476667e+00
   2.1255310e+01  -5.1577333e-01   6.3060167e+00
   2.0594267e+01  -9.2247791e-01   6.7237256e+00
   2.0370592e+01  -1.0397083e+00   4.8948917e+00
   2.0014782e+01  -1.2584296e+00   3.7909593e+00
   2.0134450e+01  -1.1838917e+00   6.3691250e+00
   2.0436300e+01  -1.0198750e+00   3.5044750e+00
   2.0775250e+01  -8.2060000e-01   4.6322333e+00
   2.1461457e+01  -4.3587143e-01   4.3579714e+00
   1.9483157e+01  -1.5720787e+00   3.0666979e+00
   2.0402333e+01  -1.0356750e+00   5.6684417e+00
   2.1083425e+01  -6.4169167e-01   4.1642584e+00
   2.0759813e+01  -8.1754348e-01   4.2664261e+00
   2.0779918e+01  -8.3626363e-01   5.9944910e+00
   2.1369972e+01  -5.9057683e-01   2.7346890e+00
   2.0617912e+01  -1.0352754e+00   5.4423154e+00
   1.9425680e+01  -1.6941560e+00   3.1033400e+00
   2.1133810e+01  -7.1637097e-01   5.5531581e+00
   2.0438598e+01  -1.1242189e+00   6.9464283e+00
   2.1575520e+01  -4.6839102e-01   3.7414115e+00
   2.0755993e+01  -9.4653636e-01   2.3929205e+00
   2.0816371e+01  -9.0930000e-01   4.7487583e+00
   2.1153560e+01  -6.8530999e-01   6.2306201e+00
   2.0430580e+01  -1.1274000e+00   3.4683800e+00
   2.0751383e+01  -9.4217778e-01   5.9873001e+00
   2.0744340e+01  -9.5446000e-01   4.2676067e+00
   2.1334608e+01  -6.0322895e-01   4.3507105e+00
   2.0632020e+01  -1.0214533e+00   3.6966934e+00
   2.0410769e+01  -1.2283056e+00   7.0347500e+00
   2.0597135e+01  -1.1496227e+00   5.5910493e+00
   2.1429196e+01  -6.6682693e-01   2.8440981e+00
   2.1369750e+01  -7.0530588e-01   4.3841059e+00
   2.1541459e+01  -5.9991176e-01   3.6571941e+00
   2.0471861e+01  -1.2263722e+00   3.4897833e+00
   2.1368556e+01  -7.2131600e-01   5.8444120e+00
   2.0739754e+01  -1.0709938e+00   2.4518187e+00
   2.0723460e+01  -1.0801400e+00   5.9956067e+00
   2.0813000e+01  -1.0271000e+00   4.8771728e+00
   2.0760787e+01  -1.1785022e+00   2.5172761e+00
   2.1444033e+01  -7.7684103e-01   5.8826641e+00
   2.0521013e+01  -1.3091021e+00   5.7214854e+00
   2.1708763e+01  -6.3413333e-01   3.1182137e+00
   2.0427621e+01  -1.3677357e+00   3.4458357e+00
   2.1959702e+01  -5.8937414e-01   3.4337810e+00
   2.1546495e+01  -8.4477273e-01   6.0661955e+00
   2.0338059e+01  -1.5365561e+00   5.8889255e+00
   2.0706250e+01  -1.3321869e+00   2.5902774e+00
   2.0280347e+01  -1.6625125e+00   5.9662486e+00
   2.0588390e+01  -1.4996064e+00   2.8668532e+00
   2.1671656e+01  -8.7339600e-01   6.1715360e+00
   2.0920683e+01  -1.3228333e+00   2.6929500e+00
   2.1752039e+01  -8.2977857e-01   4.6956821e+00
   2.2117861e+01  -6.2183846e-01   4.9548846e+00
   2.0568365e+01  -1.6375382e+00   2.8274088e+00
   2.0544926e+01  -1.6153684e+00   3.0804632e+00
   2.1902842e+01  -8.6837674e-01   4.8145744e+00
   2.0434059e+01  -1.7127235e+00   5.9152588e+00
   2.1026494e+01  -1.3597250e+00   2.7552188e+00
   2.2054388e+01  -8.8991471e-01   4.9232382e+00
   2.1776567e+01  -1.0323778e+00   4.8828611e+00
   2.0540717e+01  -1.7497833e+00   2.8578833e+00
   2.1154010e+01  -1.5205842e+00   2.9181369e+00
   2.2079380e+01  -9.8099000e-01   4.9595600e+00
