   2.0562695e+01  -6.3955428e-01  -9.4615221e-02
   2.0562695e+01  -6.3955428e-01  -6.6175216e-02
   2.0566022e+01  -6.3955428e-01  -1.2338359e-02
   2.0577032e+01  -6.3955428e-01   5.1484740e-02
   2.0598354e+01  -6.3955428e-01   1.0481204e-01
   2.0609313e+01  -6.3955428e-01   1.5532593e-01
   2.0612177e+01  -6.3955428e-01   2.0538044e-01
   2.0612640e+01  -6.3955428e-01   2.5538455e-01
   2.0612691e+01  -6.3955428e-01   3.0538477e-01
   2.0612695e+01  -6.3955428e-01   3.5538478e-01
   2.0612695e+01  -6.3955428e-01   4.0538478e-01
   2.0612695e+01  -6.3955428e-01   4.5538478e-01
   2.0612695e+01  -6.3955428e-01   5.0538478e-01
   2.0612695e+01  -6.3955428e-01   5.5538478e-01
   2.0612695e+01  -6.3955428e-01   6.0538478e-01
   2.0612695e+01  -6.3955428e-01   6.5538478e-01
   2.0612695e+01  -6.3955428e-01   7.0538478e-01
   2.0612695e+01  -6.3955428e-01   7.5538478e-01
   2.0612695e+01  -6.3955428e-01   8.0538478e-01
   2.0612695e+01  -6.3955428e-01   8.5538478e-01
   2.0612691e+01  -6.3955428e-01   9.0538478e-01
   2.0612640e+01  -6.3955428e-01   9.5538479e-01
   2.0612177e+01  -6.3955428e-01   1.0053848e+00
   2.0609313e+01  -6.3955428e-01   1.0553848e+00
   2.0598354e+01  -6.3955428e-01   1.1053848e+00
   2.0577036e+01  -6.3955428e-01   1.1553848e+00
   2.0566077e+01  -6.3955428e-01   1.2053848e+00
   2.0563213e+01  -6.3955428e-01   1.2553848e+00
   2.0562750e+01  -6.3955428e-01   1.3053848e+00
   2.0562699e+01  -6.3955428e-01   1.3553848e+00
   2.0562695e+01  -6.3955428e-01   1.4053848e+00
   2.0562695e+01  -6.3955428e-01   1.4553848e+00
   2.0562695e+01  -6.3955428e-01   1.5053848e+00
   2.0562695e+01  -6.3955428e-01   1.5553848e+00
   2.0562695e+01  -6.3955428e-01   1.6053848e+00
   2.0562695e+01  -6.3955428e-01   1.6553848e+00
   2.0562695e+01  -6.3955428e-01   1.7053848e+00
   2.0562695e+01  -6.3955428e-01   1.7553848e+00
   2.0562695e+01  -6.3955428e-01   1.8053848e+00
   2.0562695e+01  -6.3955428e-01   1.8553848e+00
   2.0562695e+01  -6.3955428e-01   1.9053848e+00
   2.0562699e+01  -6.3955428e-01   1.9553848e+00
   2.0562750e+01  -6.3955417e-01   2.0053847e+00
   2.0563213e+01  -6.3955222e-01   2.0553827e+00
   2.0566077e+01  -6.3952703e-01   2.1053572e+00
   2.0577036e+01  -6.3929734e-01   2.1551214e+00
   2.0598356e+01  -6.3789074e-01   2.2036338e+00
   2.0609343e+01  -6.3264488e-01   2.2476262e+00
   2.0612194e+01  -5.9178970e-01   2.2710568e+00
   2.0663213e+01  -7.5394989e-01   2.2907973e+00
   2.0698356e+01  -7.9290883e-01   2.3128665e+00
   1.9701728e+01  -1.5102760e-01   2.3088866e+00
   1.9651281e+01  -1.0052204e-01   2.3093355e+00
   2.0630469e+01  -7.2575855e-01   2.3053554e+00
   1.9726929e+01  -1.7859739e-01   2.3203307e+00
   1.9674172e+01  -1.2808156e-01   2.3064798e+00
   1.9624231e+01  -7.5326992e-02   2.3230532e+00
   2.0612748e+01  -6.5509999e-01   2.2959514e+00
   2.0612784e+01  -5.5757839e-01   2.3069103e+00
   2.0613667e+01  -5.4334070e-01   2.3459052e+00
   2.1162122e+01   1.8875934e-01   2.3553848e+00
   2.0762119e+01  -4.5808396e-01   2.3556534e+00
   1.9761684e+01  -2.0392916e-01   2.3452092e+00
   2.1159305e+01   1.5929978e-01   2.3553848e+00
   2.1112695e+01   6.0441019e-02   2.3553849e+00
   2.1126518e+01   9.6559192e-02   2.3553848e+00
   1.9602313e+01  -4.0649378e-02   2.3548123e+00
   2.1098874e+01   2.4266401e-02   2.3553870e+00
   2.1148299e+01   1.2420561e-01   2.3553848e+00
   2.1077118e+01  -3.9796612e-03   2.3554143e+00
   2.0660760e+01  -4.3998915e-01   2.3696786e+00
   2.1066338e+01  -4.3228860e-02   2.3556734e+00
   2.0723159e+01  -8.3975443e-01   2.3542590e+00
   2.1064877e+01  -9.2049898e-02   2.3573646e+00
   2.0616544e+01  -6.8981557e-01   2.3196837e+00
   2.1069655e+01  -1.4872964e-01   2.3645389e+00
   2.0948063e+01  -5.3923855e-01   2.3752455e+00
   2.1023622e+01  -2.8958393e-01   2.3587398e+00
   1.9791822e+01  -2.3989990e-01   2.3715001e+00
   2.1001159e+01  -3.3955828e-01   2.3691870e+00
   2.0853268e+01  -4.9312606e-01   2.3632593e+00
   2.1060980e+01  -1.9153579e-01   2.3574189e+00
   2.0907332e+01  -4.9067576e-01   2.3657932e+00
   2.1048093e+01  -2.3984294e-01   2.3561871e+00
   2.0810658e+01  -4.7745066e-01   2.3571905e+00
   2.0710730e+01  -4.6100354e-01   2.3553740e+00
   2.0653975e+01  -4.9232476e-01   2.3550222e+00
   2.0973566e+01  -3.8957742e-01   2.3874605e+00
   1.9808484e+01  -2.5759785e-01   2.4073632e+00
   2.0976979e+01  -5.8616596e-01   2.4090500e+00
   1.9580995e+01  -1.1236539e-02   2.3837616e+00
   2.0947547e+01  -4.3975461e-01   2.3865286e+00
   2.0747984e+01  -8.8734094e-01   2.3943297e+00
   1.9796405e+01  -2.7774344e-01   2.4128285e+00
   2.0567150e+01  -6.1739363e-01   2.4027895e+00
   2.0762064e+01  -9.3920942e-01   2.4064496e+00
   2.0860398e+01  -5.1934353e-01   2.3859001e+00
   2.0772882e+01  -9.8921414e-01   2.4194054e+00
   2.0580304e+01  -5.8593031e-01   2.3941646e+00
   2.0662666e+01  -3.4409300e-01   2.4158175e+00
   2.0764204e+01  -1.1361304e+00   2.4272970e+00
   2.0662410e+01  -3.9022622e-01   2.3943128e+00
   2.1100424e+01  -1.4147900e-01   2.4073583e+00
   1.9777061e+01  -3.0452744e-01   2.4427166e+00
   2.0758761e+01  -9.1764895e-01   2.4312468e+00
   2.0782383e+01  -1.0373740e+00   2.4410310e+00
   1.9768258e+01  -3.4495069e-01   2.4661915e+00
   2.1015814e+01  -6.2492640e-01   2.4523194e+00
   2.0735758e+01  -1.0870700e+00   2.4548328e+00
   2.0768513e+01  -1.1249070e+00   2.4573800e+00
   1.9793715e+01  -3.9188027e-01   2.4731049e+00
   2.1126226e+01  -1.3929344e-01   2.4555891e+00
   1.9934600e+01  -5.9153613e-01   2.4791823e+00
   2.0662693e+01  -3.1181376e-01   2.4370887e+00
   2.0313244e+01  -7.0309112e-01   2.4738847e+00
   2.0412640e+01  -6.7572466e-01   2.4702415e+00
   2.0362748e+01  -6.8952463e-01   2.4626899e+00
   2.0562682e+01  -6.2134149e-01   2.4491515e+00
   2.0767337e+01  -1.0790206e+00   2.4521855e+00
   2.0762119e+01  -1.1707757e+00   2.4698101e+00
   1.9913041e+01  -5.5541591e-01   2.5178600e+00
   1.9773783e+01  -3.9924076e-01   2.4915238e+00
   2.1061492e+01  -6.5191478e-01   2.4891389e+00
   2.0462122e+01  -6.5389092e-01   2.4905233e+00
   1.9765280e+01  -5.0707842e-01   2.5239840e+00
   2.0754300e+01  -1.1943647e+00   2.4929745e+00
   2.0732073e+01  -1.1911422e+00   2.5018033e+00
   2.1194454e+01  -1.0251498e+00   2.5340628e+00
   2.0796517e+01  -1.1437597e+00   2.5031813e+00
   2.1158793e+01  -8.1761730e-01   2.5073607e+00
   2.1124827e+01  -7.3777584e-01   2.5084658e+00
   1.9964908e+01  -5.9704296e-01   2.5142893e+00
   2.0746916e+01  -1.2404036e+00   2.5199563e+00
   2.0544971e+01  -6.3611574e-01   2.4862522e+00
   1.9782399e+01  -4.4328470e-01   2.5051678e+00
   1.9814966e+01  -4.9732632e-01   2.5179309e+00
   2.0266393e+01  -7.2321060e-01   2.5071304e+00
   2.0508795e+01  -6.4236346e-01   2.4980165e+00
   2.1158508e+01  -1.3588794e-01   2.5046076e+00
   2.1105290e+01  -6.8377034e-01   2.5107098e+00
   2.1148270e+01  -7.8705340e-01   2.5127956e+00
   2.1162630e+01  -8.3920672e-01   2.5393283e+00
   1.9863045e+01  -5.2768778e-01   2.5271838e+00
   2.1162645e+01  -1.0532595e+00   2.5444253e+00
   2.1176455e+01  -8.8946588e-01   2.5512825e+00
   1.9724156e+01  -5.3455730e-01   2.5486630e+00
   2.1226979e+01   5.9862460e-02   2.5692605e+00
   2.0808468e+01  -1.1410406e+00   2.5334831e+00
   2.1291013e+01   1.0596835e-01   2.5559534e+00
   2.1178881e+01  -1.2300410e-01   2.5500211e+00
   2.0099044e+01  -7.8561424e-01   2.5553512e+00
   2.0012495e+01  -6.2745356e-01   2.5396148e+00
   2.1205409e+01  -9.8616754e-01   2.5443689e+00
   2.0127613e+01  -7.3918478e-01   2.5550427e+00
   2.0229273e+01  -7.2733598e-01   2.5448340e+00
   2.0059349e+01  -6.5420478e-01   2.5517691e+00
   2.0034382e+01  -8.3501818e-01   2.5553847e+00
   2.1117168e+01  -1.1178677e+00   2.5548709e+00
   2.0098415e+01  -6.9287741e-01   2.5548121e+00
   2.0812346e+01  -1.1769941e+00   2.5511784e+00
   1.9686874e+01  -5.3794857e-01   2.5534903e+00
   2.1167197e+01  -4.4056713e-02   2.5810513e+00
   2.0169722e+01  -7.3708608e-01   2.5531738e+00
   2.0726290e+01  -1.2863950e+00   2.5582780e+00
   2.1261604e+01   9.2604540e-02   2.5587202e+00
   2.1197726e+01  -9.3903363e-01   2.5519755e+00
   2.1130473e+01  -1.0884042e+00   2.5525169e+00
   2.0063849e+01  -8.2119681e-01   2.5553824e+00
   2.1160924e+01  -6.8809157e-01   2.5568010e+00
   2.0826538e+01  -1.2040534e+00   2.5871168e+00
   2.0712666e+01  -1.3251835e+00   2.6025188e+00
   2.1202272e+01   2.4186488e-02   2.5881460e+00
   2.1098788e+01  -5.3922579e-02   2.6186834e+00
   2.1127664e+01  -7.6876769e-02   2.6033210e+00
   2.1211916e+01  -6.8932018e-01   2.6056110e+00
   2.0965767e+01  -4.8099082e-02   2.6355504e+00
   1.9713011e+01  -6.3932225e-01   2.6051040e+00
   2.1177805e+01  -4.1545139e-03   2.5907004e+00
   2.0878469e+01  -1.3072310e+00   2.6233059e+00
   2.0258829e+01  -6.6143427e-01   2.6005668e+00
   1.9712673e+01  -6.8947012e-01   2.6222743e+00
   2.1165935e+01  -9.3312520e-02   2.5818358e+00
   1.9714996e+01  -5.8817397e-01   2.5865866e+00
   2.0848844e+01  -1.2418717e+00   2.6019984e+00
   2.0862977e+01  -1.2827609e+00   2.6087349e+00
   2.0248615e+01  -6.9155858e-01   2.5853918e+00
   1.9664144e+01  -8.0416238e-01   2.6782704e+00
   1.9858732e+01  -1.0673538e+00   2.6559575e+00
   2.1014908e+01  -9.5104867e-03   2.6531515e+00
   2.0698811e+01  -1.3533792e+00   2.6410437e+00
   2.0676520e+01  -1.3895521e+00   2.6692100e+00
   2.1061317e+01  -4.1530570e-02   2.6395283e+00
   1.9515252e+01  -7.6114815e-01   2.6600214e+00
   2.1021402e+01  -3.4579979e-02   2.6465316e+00
   1.9334988e+01  -7.9282744e-01   2.6554146e+00
   1.9614959e+01  -7.6054599e-01   2.6697185e+00
   2.0920842e+01  -5.6635116e-02   2.6485066e+00
   1.9473858e+01  -7.9041133e-01   2.6632819e+00
   1.9823182e+01  -9.9230015e-01   2.6697258e+00
   2.0898800e+01  -3.2186454e-02   2.6703198e+00
   1.9415597e+01  -8.0810008e-01   2.6571540e+00
   1.9367549e+01  -8.0010698e-01   2.6556499e+00
   1.9564988e+01  -7.6060677e-01   2.6671139e+00
   1.9712194e+01  -7.3897548e-01   2.6538645e+00
   1.9847730e+01  -1.0355363e+00   2.6587709e+00
   2.0907176e+01  -1.3016871e+00   2.6570454e+00
   2.1259281e+01  -6.8952462e-01   2.6553511e+00
   1.9621820e+01  -7.8622463e-01   2.6799929e+00
   2.0917145e+01   1.1511141e-02   2.7054414e+00
   1.9734491e+01  -8.3846352e-01   2.6999706e+00
   1.9482167e+01  -8.3964244e-01   2.6927625e+00
   1.9740911e+01  -8.8611316e-01   2.7040604e+00
   1.9798813e+01  -9.5383172e-01   2.6910374e+00
   1.9709455e+01  -7.8559940e-01   2.6819176e+00
   2.0911030e+01  -1.2931049e+00   2.6841087e+00
   1.9513422e+01  -8.8956079e-01   2.7161456e+00
   2.0957878e+01  -1.3070144e+00   2.7050730e+00
   1.9766022e+01  -9.2520425e-01   2.7019185e+00
   2.0662210e+01  -1.4256995e+00   2.7053575e+00
   2.1298295e+01  -6.8949543e-01   2.7048118e+00
   2.0948643e+01   6.0239443e-02   2.7409954e+00
   2.1326489e+01  -6.8900685e-01   2.7514553e+00
   1.9570274e+01  -9.8955428e-01   2.7558460e+00
   2.0645774e+01  -1.4536332e+00   2.7412994e+00
   2.1640436e+01  -4.5785474e-01   2.7731079e+00
   1.9586818e+01  -1.0395538e+00   2.7725859e+00
   2.0614671e+01  -1.4906881e+00   2.7680447e+00
   2.0634828e+01  -5.3502035e-01   2.7598623e+00
   2.0997604e+01  -1.3295491e+00   2.7515081e+00
   2.0971217e+01   1.0815764e-01   2.7658515e+00
   2.1006472e+01   1.8627140e-01   2.7730176e+00
   2.0666081e+01  -5.2122418e-01   2.7732280e+00
   1.9547918e+01  -9.3955463e-01   2.7410712e+00
   1.9587877e+01  -1.0895457e+00   2.8053340e+00
   2.1023574e+01  -1.3540026e+00   2.7876088e+00
   2.1608163e+01  -4.7917653e-01   2.7915618e+00
   2.1513230e+01  -5.2868360e-01   2.8049002e+00
   2.1051211e+01  -1.3896126e+00   2.8048623e+00
   2.1562120e+01  -5.0114734e-01   2.8020597e+00
   2.1362409e+01  -6.8588782e-01   2.7873731e+00
   2.1466822e+01  -5.5464743e-01   2.8056145e+00
   2.1396922e+01  -6.7328845e-01   2.8034052e+00
   2.1418229e+01  -6.4526535e-01   2.8139576e+00
   2.1431854e+01  -5.9439364e-01   2.8073012e+00
   2.1074109e+01  -1.4256723e+00   2.8196627e+00
   2.0988650e+01   1.4904279e-01   2.7907590e+00
   2.0579013e+01  -1.5734704e+00   2.8179902e+00
   2.0705472e+01  -4.8587305e-01   2.8059955e+00
   2.0589011e+01  -1.5291001e+00   2.8011597e+00
   2.0726737e+01  -4.4087213e-01   2.8419051e+00
   2.1101159e+01  -1.4533144e+00   2.8443117e+00
   1.9605849e+01  -1.1884340e+00   2.8520046e+00
   2.0566029e+01  -1.6678655e+00   2.8548099e+00
   2.0584823e+01  -1.6030014e+00   2.8407812e+00
   2.0919252e+01   1.6379575e-01   2.8548622e+00
   1.9594244e+01  -1.2319826e+00   2.8582205e+00
   2.1240436e+01   2.3270072e-01   2.8593437e+00
   2.0912151e+01  -2.0762287e-01   2.8595669e+00
   2.0761552e+01  -3.8805906e-01   2.8595690e+00
   2.0895510e+01   1.7673249e-01   2.8724510e+00
   2.0808732e+01  -3.7492429e-01   2.8593121e+00
   2.1123077e+01  -1.4884084e+00   2.8658174e+00
   1.9560936e+01  -1.2554959e+00   2.8699145e+00
   2.0909562e+01  -2.2794673e-01   2.8714189e+00
   2.0844910e+01  -3.4999329e-01   2.8697554e+00
   2.0708772e+01  -3.9783646e-01   2.8717035e+00
   2.0958365e+01   1.5869249e-01   2.8348186e+00
   1.9600639e+01  -1.1394385e+00   2.8377124e+00
   2.0573789e+01  -1.6383769e+00   2.8519711e+00
   2.1208157e+01   2.6492706e-01   2.8702991e+00
   2.1450306e+01  -6.4433901e-01   2.8573010e+00
   2.0600525e+01  -1.5357067e+00   2.8520614e+00
   2.0876716e+01  -2.8786762e-01   2.9003121e+00
   2.0862145e+01  -3.2490184e-01   2.8907889e+00
   2.0922871e+01  -1.9572848e-01   2.9036371e+00
   1.9528198e+01  -1.2087258e+00   2.9022460e+00
   2.0944370e+01  -1.6209564e-01   2.9050941e+00
   2.1477293e+01  -6.5412703e-01   2.9056122e+00
   2.0899958e+01  -2.4683659e-01   2.8976983e+00
   2.1144395e+01  -1.5178679e+00   2.8870887e+00
   2.0607863e+01  -1.5322035e+00   2.8949252e+00
   2.1162033e+01   3.1056135e-01   2.8944341e+00
   1.9523073e+01  -1.2446038e+00   2.8926297e+00
   2.1098006e+01   4.5639614e-01   2.9230008e+00
   2.0584515e+01  -1.4934530e+00   2.9069675e+00
   1.9368324e+01  -1.2917980e+00   2.9359770e+00
   2.1122584e+01   5.0538900e-01   2.9225900e+00
   1.9466866e+01  -1.2567288e+00   2.9149653e+00
   2.0614173e+01  -1.5039324e+00   2.9101491e+00
   2.0662748e+01  -3.8754289e-01   2.9084867e+00
   2.0903987e+01   2.0522501e-01   2.9050365e+00
   2.1112394e+01   3.5709093e-01   2.9164007e+00
   1.9545257e+01  -1.1942806e+00   2.9048405e+00
   1.9422443e+01  -1.2846631e+00   2.9371140e+00
   2.1013604e+01   3.7225572e-01   2.9522303e+00
   2.0594844e+01  -1.5411729e+00   2.9360705e+00
   2.1434954e+01  -1.0889181e+00   2.9560207e+00
   2.1144338e+01   5.3812740e-01   2.9382342e+00
   2.1061174e+01   3.9572964e-01   2.9410667e+00
   1.9329071e+01  -1.3056166e+00   2.9605074e+00
   2.0533769e+01  -1.5751583e+00   2.9725338e+00
   2.0617113e+01  -3.7151088e-01   2.9520285e+00
   2.0946199e+01   3.9077050e-01   2.9694355e+00
   2.0563189e+01  -1.5536290e+00   2.9550806e+00
   2.0790436e+01  -1.4401316e+00   2.9553237e+00
   1.9415019e+01  -1.3362048e+00   2.9662999e+00
   2.0909720e+01   2.0881354e-01   2.9337885e+00
   2.0924228e+01   2.5875253e-01   2.9376529e+00
   2.0949558e+01   3.0820727e-01   2.9517141e+00
   2.0966420e+01   3.5098399e-01   2.9562460e+00
   2.1513272e+01  -1.0712538e+00   2.9736260e+00
   2.1467227e+01  -1.0855908e+00   2.9593439e+00
   2.1515820e+01  -6.7526790e-01   2.9548686e+00
   2.0662867e+01  -1.4791161e+00   2.9390202e+00
   2.0712084e+01  -1.4544685e+00   2.9517110e+00
   2.0758161e+01  -1.4429993e+00   2.9548368e+00
   2.0530650e+01  -1.5859131e+00   3.0056101e+00
   2.0584373e+01  -3.3533610e-01   2.9876661e+00
   2.0580993e+01  -2.8700089e-01   3.0049026e+00
   2.1561261e+01  -6.8646273e-01   3.0017438e+00
   2.0598902e+01  -2.3035992e-01   3.0200418e+00
   1.9212499e+01  -1.3254451e+00   3.0200165e+00
   1.9413042e+01  -1.4156678e+00   3.0033463e+00
   1.9306072e+01  -1.3340788e+00   2.9975338e+00
   1.9506273e+01  -1.4873482e+00   3.0249915e+00
   2.0580420e+01  -2.3728503e-01   3.0093144e+00
   2.0830936e+01   4.2865538e-01   3.0197553e+00
   2.0909576e+01   4.0683182e-01   2.9915322e+00
   2.0866105e+01   4.1380027e-01   3.0054393e+00
   1.9414925e+01  -1.3798637e+00   2.9974067e+00
   2.1562177e+01  -1.0355952e+00   3.0087627e+00
   1.9261065e+01  -1.3348454e+00   3.0069282e+00
   2.0609374e+01  -1.8757168e-01   3.0449712e+00
   1.9299997e+01  -1.3880637e+00   3.0529695e+00
   2.0558547e+01  -1.5607712e+00   3.0512321e+00
   2.1660231e+01  -6.5750712e-01   3.0694647e+00
   2.1603831e+01  -6.9101583e-01   3.0393231e+00
   1.9429903e+01  -1.4049549e+00   3.0356335e+00
   1.9460971e+01  -1.4411810e+00   3.0495843e+00
   2.0813038e+01   5.0904501e-01   3.0683193e+00
   1.9116593e+01  -1.3034302e+00   3.0697785e+00
   2.1626687e+01  -7.8957969e-01   3.0691172e+00
   1.9487727e+01  -1.4809324e+00   3.0481454e+00
   1.9461868e+01  -1.5892065e+00   3.0694625e+00
   2.0612236e+01  -1.3926968e-01   3.0702460e+00
   2.0542390e+01  -1.6043103e+00   3.0694941e+00
   2.0816624e+01   4.6411195e-01   3.0446595e+00
   2.1608686e+01  -9.8897720e-01   3.0519480e+00
   2.1614068e+01  -7.3978810e-01   3.0550645e+00
   1.9163241e+01  -1.3066837e+00   3.0449186e+00
   1.9474253e+01  -1.5376257e+00   3.0570159e+00
   2.0546973e+01  -1.5873691e+00   3.0396084e+00
   2.0823650e+01   7.5590733e-01   3.1053828e+00
   1.9445517e+01  -1.6388888e+00   3.0910159e+00
   1.9287278e+01  -1.4387454e+00   3.1011477e+00
   1.9413320e+01  -1.6850159e+00   3.1019966e+00
   2.0791917e+01   6.6009408e-01   3.1051512e+00
   2.0844458e+01   7.8818625e-01   3.1053847e+00
   1.9384322e+01  -1.7172948e+00   3.1048119e+00
   2.1643877e+01  -9.3949520e-01   3.0866254e+00
   2.1709027e+01  -6.4342501e-01   3.1087393e+00
   2.0802024e+01   6.0846793e-01   3.1039276e+00
   1.9080418e+01  -1.3085260e+00   3.1053849e+00
   2.0515020e+01  -1.5851090e+00   3.1087415e+00
   2.0613158e+01  -8.9579359e-02   3.1083035e+00
   2.0811298e+01   5.5138089e-01   3.0996755e+00
   2.1647747e+01  -8.3955600e-01   3.0904098e+00
   2.1655352e+01  -8.8955004e-01   3.0980438e+00
   2.0805065e+01   7.0978002e-01   3.1053594e+00
   1.9284048e+01  -1.4855655e+00   3.1370554e+00
   2.1748320e+01  -6.3961096e-01   3.1559005e+00
   1.9045027e+01  -1.2711047e+00   3.1658808e+00
   2.0616071e+01  -4.0068271e-02   3.1524664e+00
   2.0490807e+01  -1.5528067e+00   3.1559009e+00
   1.9233804e+01  -1.5350180e+00   3.1547485e+00
   2.0811980e+01   5.5895907e-01   3.1539238e+00
   1.9062699e+01  -1.2896090e+00   3.1409933e+00
   1.9260398e+01  -1.5211930e+00   3.1514192e+00
   1.9009317e+01  -1.2790587e+00   3.1910476e+00
   2.1776979e+01  -6.3623121e-01   3.2054353e+00
   2.0484527e+01  -1.5256722e+00   3.2054392e+00
   1.8927555e+01  -1.2890949e+00   3.2230992e+00
   1.8965563e+01  -1.2867409e+00   3.2058984e+00
   2.0648099e+01   4.6311129e-02   3.2158534e+00
   2.0627009e+01   7.0871686e-03   3.1905278e+00
   2.0809556e+01   5.6327879e-01   3.2050991e+00
   2.0962113e+01   5.7767775e-01   3.2733620e+00
   2.0632308e+01   1.1242649e-01   3.2556734e+00
   2.0657678e+01   7.5990523e-02   3.2412504e+00
   2.1815555e+01  -6.2521763e-01   3.2553341e+00
   2.1047751e+01   5.6109621e-01   3.2739666e+00
   2.0655538e+01   1.1792073e-01   3.2571064e+00
   2.0800133e+01   5.7304498e-01   3.2548395e+00
   2.1009020e+01   5.9683109e-01   3.2612889e+00
   2.0661009e+01   1.4837363e-01   3.2700421e+00
   1.8902313e+01  -1.2895039e+00   3.2586528e+00
   2.1076459e+01   7.4604564e-01   3.2697869e+00
   2.0459885e+01  -1.4901184e+00   3.2553846e+00
   2.1044938e+01   6.5662799e-01   3.2567621e+00
   2.1062120e+01   7.0655163e-01   3.2588592e+00
   2.0662487e+01   1.7538911e-01   3.2949796e+00
   2.0663131e+01   2.1580847e-01   3.3203578e+00
   2.1098295e+01   7.7471929e-01   3.2915579e+00
   2.0912320e+01   5.7477970e-01   3.3050688e+00
   2.1859774e+01  -6.0389767e-01   3.3048647e+00
   2.0252835e+01  -6.8903627e-01   3.3197809e+00
   2.1073075e+01   5.2874343e-01   3.3093099e+00
   2.1112177e+01   8.5642773e-01   3.3186897e+00
   2.0231054e+01  -6.8949544e-01   3.3092848e+00
   1.8877668e+01  -1.2895504e+00   3.3014218e+00
   2.0663209e+01   2.6273783e-01   3.3275830e+00
   2.0784817e+01   5.8871886e-01   3.3017045e+00
   2.0429959e+01  -1.4572771e+00   3.3053258e+00
   2.1109309e+01   8.1319137e-01   3.3053301e+00
   2.0363158e+01  -6.5441775e-01   3.3554439e+00
   2.0768638e+01   6.0457922e-01   3.3332529e+00
   2.0795245e+01   5.3094943e-01   3.3541886e+00
   1.8866658e+01  -1.2895541e+00   3.3331887e+00
   2.1112636e+01   8.8824522e-01   3.3376028e+00
   2.0277668e+01  -6.8617637e-01   3.3410522e+00
   2.0316136e+01  -6.7526814e-01   3.3520621e+00
   2.0665560e+01   2.6981630e-01   3.3593733e+00
   2.1097776e+01   5.1767752e-01   3.3553279e+00
   2.0736204e+01   5.1113109e-01   3.3572593e+00
   2.0458738e+01  -6.5499060e-01   3.3736807e+00
   2.0860697e+01   5.8219382e-01   3.3354040e+00
   2.0769918e+01   5.1480462e-01   3.3618897e+00
   2.0804847e+01   5.7087574e-01   3.3418539e+00
   2.0412173e+01  -6.4637743e-01   3.3592892e+00
   2.0416545e+01  -1.4428839e+00   3.3548057e+00
   2.1897859e+01  -5.9296357e-01   3.3519709e+00
   2.0810644e+01   5.4945736e-01   3.4025501e+00
   2.1923338e+01  -5.9032923e-01   3.3907233e+00
   1.9845608e+01  -6.2246274e-01   3.4236261e+00
   2.1949440e+01  -5.9127266e-01   3.4174263e+00
   1.9784323e+01  -5.6118203e-01   3.4060207e+00
   2.1109250e+01   5.2484202e-01   3.4009078e+00
   2.0494363e+01  -6.7922920e-01   3.4093397e+00
   2.0764644e+01   5.1113109e-01   3.3856993e+00
   2.0412981e+01  -1.3420442e+00   3.4249641e+00
   2.0673658e+01   3.1193990e-01   3.4059639e+00
   2.0413266e+01  -1.4361998e+00   3.4013984e+00
   1.9813327e+01  -5.9018588e-01   3.4093439e+00
   2.0426779e+01  -1.3055601e+00   3.4537200e+00
   2.1112118e+01   5.4278578e-01   3.4331300e+00
   2.0962695e+01  -5.2500033e-01   3.4553853e+00
   2.1966161e+01  -5.9646995e-01   3.4473232e+00
   2.0412958e+01  -1.3878392e+00   3.4497632e+00
   2.0414387e+01  -1.3498343e+00   3.4479118e+00
   2.0862699e+01  -5.7240800e-01   3.4554439e+00
   2.0459596e+01  -1.2364596e+00   3.4590532e+00
   2.0412781e+01  -1.4216289e+00   3.4368277e+00
   2.0448356e+01  -1.2754975e+00   3.4556731e+00
   2.1162177e+01  -5.8508585e-01   3.4592848e+00
   2.1209313e+01  -5.7177253e-01   3.4731078e+00
   2.1964036e+01  -6.1991295e-01   3.4533398e+00
   2.0684070e+01   3.5740897e-01   3.4554417e+00
   2.0464115e+01  -1.1907442e+00   3.4719356e+00
   2.0811830e+01   5.2581191e-01   3.4549506e+00
   2.0508420e+01  -7.0450624e-01   3.4559089e+00
   1.9862761e+01  -6.3955896e-01   3.4587648e+00
   2.0912695e+01  -5.4345453e-01   3.4553892e+00
   2.0716082e+01  -5.9287793e-01   3.4736850e+00
   2.0763213e+01  -5.8950390e-01   3.4593439e+00
   2.0812750e+01  -5.8576782e-01   3.4559619e+00
   2.1012695e+01  -5.4344998e-01   3.4553892e+00
   2.1062691e+01  -5.7234503e-01   3.4554436e+00
   2.1112640e+01  -5.8514035e-01   3.4559575e+00
   2.0674202e+01   3.9665022e-01   3.5053574e+00
   2.0432228e+01  -1.0418676e+00   3.5192811e+00
   2.0454548e+01  -9.9381449e-01   3.5220017e+00
   2.0471396e+01  -1.1468151e+00   3.5016329e+00
   2.1476000e+01  -2.9408615e-01   3.5192121e+00
   2.1462638e+01  -3.4013160e-01   3.5087690e+00
   2.1413788e+01  -4.7183583e-01   3.5216757e+00
   2.1992476e+01  -5.9147294e-01   3.4817798e+00
   2.1448836e+01  -3.8904499e-01   3.5064461e+00
   2.0432100e+01  -9.6178294e-01   3.5103883e+00
   2.1426771e+01  -4.3565906e-01   3.5091075e+00
   2.0677100e+01  -6.0389539e-01   3.5093436e+00
   2.0014964e+01  -7.3981551e-01   3.5250003e+00
   2.0462867e+01  -1.0932229e+00   3.5148515e+00
   2.0476490e+01  -8.8964937e-01   3.5309116e+00
   2.0808994e+01   5.1723864e-01   3.5050511e+00
   2.0509884e+01  -7.4328611e-01   3.5049480e+00
   1.9880452e+01  -6.5671121e-01   3.5019756e+00
   2.1248352e+01  -5.3954995e-01   3.5053829e+00
   2.0796428e+01   5.2507928e-01   3.5533444e+00
   2.0464118e+01  -9.4016428e-01   3.5314793e+00
   2.1277004e+01  -5.0727719e-01   3.5376364e+00
   2.0455266e+01  -1.0491360e+00   3.5274110e+00
   2.1401854e+01  -4.8961496e-01   3.5498466e+00
   2.0021885e+01  -7.4104188e-01   3.5482575e+00
   2.0669232e+01   4.2814368e-01   3.5550667e+00
   1.9965246e+01  -7.2263535e-01   3.5498013e+00
   2.1494913e+01  -2.6181339e-01   3.5376619e+00
   2.0511297e+01  -1.1235329e+00   3.5542102e+00
   2.0908759e+01  -5.7943132e-02   3.5731669e+00
   2.0648990e+01  -6.2527169e-01   3.5559559e+00
   2.1360970e+01  -4.9012712e-01   3.5533801e+00
   1.9916884e+01  -6.8957982e-01   3.5368892e+00
   2.0112411e+01  -7.7856587e-01   3.5590849e+00
   2.0501852e+01  -7.9208160e-01   3.5521964e+00
   2.1442278e+01  -5.0732768e-01   3.5677757e+00
   2.0496604e+01  -8.3990420e-01   3.5439045e+00
   2.0064619e+01  -7.5412708e-01   3.5542697e+00
   2.0158825e+01  -8.0051300e-01   3.5736578e+00
   2.1315761e+01  -4.9345431e-01   3.5512531e+00
   2.0874592e+01  -1.0624685e-01   3.6054730e+00
   2.0897960e+01  -7.9955887e-02   3.5920823e+00
   2.0679508e+01   4.7791013e-01   3.6031125e+00
   2.1444702e+01  -6.4604034e-01   3.6082469e+00
   2.0194976e+01  -8.2472146e-01   3.6093443e+00
   2.0548584e+01  -1.0859141e+00   3.6051216e+00
   2.0854101e+01  -1.5044282e-01   3.6195512e+00
   2.0717795e+01   5.1070880e-01   3.6030610e+00
   2.1466128e+01  -6.8867591e-01   3.6196754e+00
   2.1451650e+01  -5.9235511e-01   3.6024914e+00
   2.0768422e+01   5.4475383e-01   3.5956744e+00
   2.0832051e+01  -1.4210996e-01   3.6092577e+00
   2.0474851e+01  -7.6146293e-01   3.6012744e+00
   2.0613851e+01  -6.3674315e-01   3.6053658e+00
   2.1455670e+01  -5.4385440e-01   3.5908118e+00
   2.0584459e+01  -6.4291330e-01   3.6546647e+00
   2.0584384e+01   5.0987721e-01   3.6547508e+00
   2.1526986e+01  -6.0710476e-01   3.6587671e+00
   2.0826234e+01  -2.3987037e-01   3.6554376e+00
   2.0451928e+01  -7.6119118e-01   3.6390006e+00
   2.1551678e+01  -5.8954581e-01   3.6730576e+00
   2.0576489e+01  -1.0390092e+00   3.6547845e+00
   2.0812152e+01  -2.8958588e-01   3.6697260e+00
   2.0801757e+01   6.5981197e-01   3.6696925e+00
   2.1496012e+01  -6.7882698e-01   3.6410984e+00
   2.0846891e+01  -1.9179628e-01   3.6415406e+00
   2.0823605e+01   6.9260476e-01   3.6764331e+00
   2.1060709e+01  -9.8694108e-01   3.6750264e+00
   2.0416637e+01  -8.1804074e-01   3.6569985e+00
   2.0212717e+01  -8.3639833e-01   3.6559932e+00
   2.0427447e+01  -7.8997301e-01   3.6604266e+00
   2.1512286e+01  -6.4178215e-01   3.6525753e+00
   2.0767535e+01   5.9295622e-01   3.6461789e+00
   2.0649327e+01   4.9659504e-01   3.6373431e+00
   2.0613878e+01   5.0711225e-01   3.6514487e+00
   2.1055152e+01  -9.7816561e-01   3.6984733e+00
   2.1089149e+01  -1.0153811e+00   3.7034664e+00
   2.0994940e+01  -8.5782266e-01   3.7053578e+00
   2.0217187e+01  -8.1136233e-01   3.7054232e+00
   2.0230638e+01  -8.4117842e-01   3.7057197e+00
   2.1573654e+01  -5.7188953e-01   3.7054398e+00
   2.1028119e+01  -9.3783155e-01   3.7037211e+00
   2.0777783e+01   6.2372127e-01   3.6730360e+00
   2.0958793e+01  -8.4351087e-01   3.7053869e+00
   2.0659172e+01  -7.2553321e-01   3.7323444e+00
   2.0795488e+01  -3.3955634e-01   3.6943752e+00
   2.0762747e+01  -3.8955017e-01   3.7163966e+00
   2.0312959e+01  -8.5026960e-01   3.7194651e+00
   2.0266586e+01  -8.4256614e-01   3.7087206e+00
   2.0413927e+01  -8.2355059e-01   3.7045630e+00
   2.0585096e+01  -6.5702277e-01   3.7008004e+00
   2.0612124e+01  -9.8950185e-01   3.7014238e+00
   2.1012375e+01  -8.9319302e-01   3.7051279e+00
   2.0766077e+01  -8.3571138e-01   3.7197279e+00
   2.0813209e+01  -8.3899013e-01   3.7087669e+00
   2.0862691e+01  -8.3955474e-01   3.7059028e+00
   2.0912126e+01  -8.4012691e-01   3.7054394e+00
   2.0847373e+01   7.0602287e-01   3.7092847e+00
   2.1597895e+01  -5.3623129e-01   3.7382385e+00
   2.0716305e+01  -4.8901114e-01   3.7555998e+00
   2.0598944e+01  -6.4319750e-01   3.7645971e+00
   2.0360584e+01  -8.5914036e-01   3.7393461e+00
   2.0402509e+01  -8.4294074e-01   3.7447437e+00
   2.0676977e+01  -8.0782503e-01   3.7548340e+00
   2.0644968e+01  -9.3960913e-01   3.7370842e+00
   2.0659309e+01  -8.9013103e-01   3.7514217e+00
   2.0730393e+01  -4.3949761e-01   3.7410717e+00
   2.0098617e+01  -1.1358831e+00   3.7562164e+00
   2.0691680e+01  -7.5395657e-01   3.7441380e+00
   2.0727036e+01  -8.2237876e-01   3.7410698e+00
   2.0030475e+01  -1.2032573e+00   3.7697241e+00
   2.0711265e+01  -5.3594387e-01   3.7709861e+00
   2.1616073e+01  -4.5779154e-01   3.7731121e+00
   2.0063241e+01  -1.1751204e+00   3.7587981e+00
   2.0665504e+01  -8.4351122e-01   3.7547550e+00
   2.0213002e+01  -8.8639508e-01   3.7512918e+00
   2.0155455e+01  -1.0308243e+00   3.7658952e+00
   2.0618292e+01  -6.8843629e-01   3.7369655e+00
   2.0698353e+01  -7.9322600e-01   3.7522437e+00
   2.0124881e+01  -1.0871080e+00   3.7576452e+00
   2.0162394e+01  -9.9042093e-01   3.7727481e+00
   2.1609831e+01  -4.9294044e-01   3.7554439e+00
   2.0856399e+01   7.0648637e-01   3.7526302e+00
   2.0016604e+01  -1.2384041e+00   3.7909891e+00
   2.0160742e+01  -1.0373396e+00   3.7863418e+00
   2.1590436e+01   3.9266373e-01   3.8099208e+00
   2.0851273e+01   6.9598691e-01   3.7911067e+00
   2.0398369e+01  -8.5588669e-01   3.8025670e+00
   2.0013327e+01  -1.2678677e+00   3.8014848e+00
   2.1630367e+01  -4.4345433e-01   3.8092809e+00
   2.0167815e+01  -9.5008216e-01   3.7960750e+00
   2.1558159e+01   3.7375059e-01   3.8237398e+00
   2.0790184e+01  -5.4345438e-01   3.8073451e+00
   2.0703404e+01  -5.7382530e-01   3.7986529e+00
   2.0841899e+01   6.7420975e-01   3.8197305e+00
   2.0196939e+01  -9.2467726e-01   3.7856734e+00
   2.0620291e+01  -6.0727965e-01   3.7900202e+00
   2.0661840e+01  -5.8984185e-01   3.8003718e+00
   2.0756794e+01  -5.5395120e-01   3.8126561e+00
   2.0114092e+01  -9.6082372e-01   3.8172124e+00
   1.9927554e+01  -9.2469105e-01   3.8553299e+00
   2.1512059e+01   3.6039098e-01   3.8592892e+00
   2.1662746e+01  -4.3961313e-01   3.8559026e+00
   1.9901736e+01  -8.9999924e-01   3.8553807e+00
   1.9873654e+01  -8.7521339e-01   3.8553846e+00
   2.0944115e+01   2.0032686e-01   3.8739674e+00
   1.9847836e+01  -8.4007230e-01   3.8553848e+00
   2.0908707e+01   1.7590539e-01   3.8627004e+00
   1.9612997e+01  -7.8954279e-01   3.8559175e+00
   2.0862120e+01   1.6727071e-01   3.8703010e+00
   1.9522710e+01  -7.8842734e-01   3.8707081e+00
   2.0855687e+01   6.5992747e-01   3.8587671e+00
   2.0062979e+01  -9.5045513e-01   3.8406993e+00
   2.0013242e+01  -9.4189578e-01   3.8519690e+00
   1.9966134e+01  -9.3657667e-01   3.8548644e+00
   1.9564805e+01  -7.8939600e-01   3.8589105e+00
   1.9809258e+01  -8.0733215e-01   3.8553848e+00
   1.9762173e+01  -7.9345844e-01   3.8553850e+00
   1.9712642e+01  -7.9012718e-01   3.8553890e+00
   1.9662721e+01  -7.8961199e-01   3.8554406e+00
   2.0797954e+01  -5.4626778e-01   3.8570830e+00
   2.0383988e+01  -8.8056351e-01   3.8508211e+00
   2.0826484e+01  -5.5440928e-01   3.9055859e+00
   2.0812699e+01   1.7530928e-01   3.8911027e+00
   1.9513545e+01  -6.8956794e-01   3.9020469e+00
   2.0684954e+01   2.0987322e-01   3.9053260e+00
   2.0368512e+01  -9.1575007e-01   3.8831233e+00
   2.1462632e+01   3.4661851e-01   3.9053850e+00
   2.1695490e+01  -4.3623132e-01   3.9049211e+00
   2.0956874e+01   2.2659589e-01   3.9079140e+00
   1.9610747e+01  -5.3819612e-01   3.9078537e+00
   1.9529043e+01  -5.9152119e-01   3.9072832e+00
   1.9451388e+01  -8.6953206e-01   3.9039503e+00
   2.0878072e+01   6.4324047e-01   3.9059026e+00
   2.0763327e+01   1.9615936e-01   3.9020071e+00
   1.9658540e+01  -5.2553441e-01   3.9090826e+00
   1.9557733e+01  -5.4858975e-01   3.9142833e+00
   1.9430796e+01  -8.8473403e-01   3.9051278e+00
   1.9694688e+01  -5.0421381e-01   3.9200418e+00
   1.9514862e+01  -7.3939794e-01   3.8911896e+00
   2.0409079e+01  -8.5701971e-01   3.9008439e+00
   1.9516398e+01  -6.3984071e-01   3.9051544e+00
   2.0717231e+01   2.0706370e-01   3.9048668e+00
   1.9472061e+01  -8.2871755e-01   3.8998973e+00
   2.0399968e+01  -8.7428351e-01   3.8869646e+00
   2.1412690e+01   3.2484156e-01   3.9514848e+00
   1.9683968e+01  -4.6200504e-01   3.9518050e+00
   1.9710999e+01  -4.9492109e-01   3.9429970e+00
   2.1712177e+01  -4.2521753e-01   3.9519439e+00
   2.0877270e+01   2.7555996e-01   3.9585312e+00
   2.0334918e+01  -1.1181543e-01   3.9599503e+00
   2.1208222e+01  -2.9409049e-01   3.9731670e+00
   1.9564618e+01  -4.9347248e-01   3.9536925e+00
   1.9343644e+01  -9.6511043e-01   3.9772275e+00
   2.0851765e+01   2.9945951e-01   3.9696461e+00
   2.0954122e+01   2.6819576e-01   3.9499958e+00
   1.9415289e+01  -8.3911709e-01   3.9518286e+00
   2.0964926e+01   2.9837712e-01   3.9683825e+00
   1.9762435e+01  -5.3651992e-01   3.9699536e+00
   2.0766654e+01   3.2759178e-01   3.9730491e+00
   2.0915616e+01   6.1049839e-01   3.9554351e+00
   2.0366889e+01  -1.4411121e-01   3.9740002e+00
   2.0862688e+01  -5.7526357e-01   3.9548392e+00
   2.0914157e+01   2.6557753e-01   3.9544731e+00
   2.1362695e+01   3.1383621e-01   3.9870892e+00
   2.0982329e+01   3.2516273e-01   3.9949752e+00
   2.1726459e+01  -4.0389584e-01   3.9904119e+00
   1.9576545e+01  -4.4900691e-01   3.9890379e+00
   2.1194909e+01  -3.0791360e-01   3.9920843e+00
   2.0824229e+01   3.2089296e-01   3.9905279e+00
   1.9812663e+01  -5.7191977e-01   4.0082192e+00
   2.1162630e+01  -3.4351798e-01   4.0054983e+00
   2.1312695e+01   3.1102303e-01   4.0014303e+00
   2.0777613e+01   3.4318174e-01   3.9910435e+00
   2.0801799e+01   3.4225919e-01   3.9986753e+00
   1.9323158e+01  -9.2661412e-01   4.0070294e+00
   2.1262695e+01   3.1107755e-01   4.0048668e+00
   1.9367152e+01  -8.4734435e-01   3.9947138e+00
   2.1015203e+01   3.3264273e-01   4.0096275e+00
   1.9598301e+01  -3.9162761e-01   4.0155353e+00
   1.9329917e+01  -8.8161331e-01   4.0120669e+00
   2.1129820e+01  -3.9013571e-01   4.0197829e+00
   2.1748240e+01  -3.9294044e-01   4.0152444e+00
   2.1112338e+01   3.6440282e-01   4.0236078e+00
   2.1162656e+01   3.2874606e-01   4.0093340e+00
   2.1212692e+01   3.1440896e-01   4.0059025e+00
   2.0959292e+01   5.7814561e-01   4.0053278e+00
   2.1023151e+01   3.6441849e-01   4.0219581e+00
   2.0410842e+01  -1.9035843e-01   4.0109992e+00
   2.0898817e+01  -5.8612163e-01   4.0014825e+00
   1.9594974e+01  -4.4185290e-01   4.0011690e+00
   2.1112461e+01  -4.3966792e-01   4.0448660e+00
   2.0450282e+01  -2.4040937e-01   4.0627567e+00
   2.0926571e+01  -5.8851849e-01   4.0376028e+00
   1.9334946e+01  -8.4162078e-01   4.0313401e+00
   2.0462319e+01  -3.1732243e-01   4.0556726e+00
   1.9298835e+01  -8.9107057e-01   4.0570271e+00
   2.1060472e+01   4.1099602e-01   4.0585810e+00
   2.1758790e+01  -3.9012702e-01   4.0370255e+00
   1.9612636e+01  -2.6181593e-01   4.0548074e+00
   1.9315204e+01  -9.3667042e-01   4.0341075e+00
   2.0998584e+01  -5.7520888e-01   4.0691762e+00
   2.0994738e+01   5.6408698e-01   4.0547805e+00
   2.0460208e+01  -2.8525418e-01   4.0570969e+00
   2.0962670e+01  -5.8611752e-01   4.0548098e+00
   2.1094079e+01  -4.9007337e-01   4.0695184e+00
   1.9609309e+01  -3.4048122e-01   4.0404411e+00
   1.9612177e+01  -2.9412015e-01   4.0519376e+00
   1.9862634e+01  -5.8956081e-01   4.0519459e+00
   1.9912118e+01  -6.0727777e-01   4.0871394e+00
   1.9958740e+01  -6.4345433e-01   4.1014300e+00
   2.0458579e+01  -2.6933351e-01   4.1033414e+00
   2.0446819e+01  -2.4299843e-01   4.0978022e+00
   2.0423504e+01  -2.2635224e-01   4.1075084e+00
   2.1056931e+01  -5.4289217e-01   4.1037041e+00
   2.1025111e+01  -5.5389191e-01   4.0912447e+00
   2.0009254e+01  -7.3961301e-01   4.1053846e+00
   1.9994449e+01  -6.9012701e-01   4.1048123e+00
   2.0401667e+01  -2.0071111e-01   4.1234071e+00
   2.0048061e+01  -8.8926345e-01   4.1231353e+00
   2.0026947e+01  -8.3952485e-01   4.1092867e+00
   1.9259929e+01  -9.0361528e-01   4.1056362e+00
   2.1048742e+01   4.6024606e-01   4.1014436e+00
   2.1010717e+01   5.5932739e-01   4.1011646e+00
   2.0015498e+01  -7.8955644e-01   4.1059533e+00
   2.1021240e+01   5.5333293e-01   4.1353662e+00
   2.1028452e+01   5.0876333e-01   4.1334993e+00
   2.0377039e+01  -1.7804559e-01   4.1592607e+00
   2.0057334e+01  -9.3754297e-01   4.1556448e+00
   1.9216085e+01  -9.2512987e-01   4.1553570e+00
   2.1073616e+01   6.1374149e-01   4.1691426e+00
   2.1050240e+01   5.7644847e-01   4.1544939e+00
   2.1078386e+01  -5.8921221e-01   4.1548404e+00
   2.1098931e+01   6.5846313e-01   4.1912162e+00
   2.1137402e+01   6.8856759e-01   4.2015118e+00
   2.0062373e+01  -1.0669793e+00   4.2047827e+00
   2.1087879e+01   7.4555901e-01   4.2197803e+00
   2.1087730e+01   7.0677509e-01   4.2054097e+00
   2.0362800e+01  -1.5046045e-01   4.2054415e+00
   1.9180423e+01  -9.3565213e-01   4.2048643e+00
   2.1112430e+01  -6.3370210e-01   4.2033802e+00
   2.0053042e+01  -9.8008548e-01   4.1893663e+00
   2.0060660e+01  -1.0330680e+00   4.2017406e+00
   2.0010962e+01  -9.8752837e-01   4.2158269e+00
   2.1208277e+01  -6.8416336e-01   4.2539758e+00
   2.1077524e+01   7.7137330e-01   4.2449162e+00
   2.1145202e+01  -6.6242403e-01   4.2462621e+00
   1.9895337e+01  -8.9350275e-01   4.2699238e+00
   2.1079696e+01   7.9919783e-01   4.2699808e+00
   1.9163268e+01  -9.3565435e-01   4.2519397e+00
   1.9922648e+01  -9.8856330e-01   4.2593851e+00
   1.9862731e+01  -1.1672633e+00   4.2592281e+00
   2.1296287e+01  -7.0406382e-01   4.2731063e+00
   2.0349339e+01  -1.2474567e-01   4.2520574e+00
   1.9910964e+01  -9.3998292e-01   4.2599088e+00
   1.9964510e+01  -9.8912129e-01   4.2421629e+00
   1.9863039e+01  -1.1347306e+00   4.2692878e+00
   2.1258452e+01  -6.9210000e-01   4.2589983e+00
   2.0329951e+01  -8.6635755e-02   4.2909890e+00
   1.9834896e+01   1.0445720e-02   4.3054436e+00
   1.9909949e+01   1.0445729e-02   4.3087671e+00
   2.1097131e+01   8.2332223e-01   4.3065586e+00
   1.9865204e+01  -1.0869557e+00   4.2878992e+00
   1.9875328e+01  -1.0305190e+00   4.2891157e+00
   2.1462695e+01  -3.1181340e-01   4.3092892e+00
   1.9834321e+01  -8.4409043e-01   4.3014867e+00
   1.9127150e+01  -9.0394600e-01   4.3152444e+00
   1.9948417e+01   1.0445961e-02   4.3197300e+00
   1.9148935e+01  -9.2516256e-01   4.2904116e+00
   2.1462691e+01  -3.4408637e-01   4.3198354e+00
   1.9829086e+01  -1.0376457e+00   4.3188688e+00
   2.0326981e+01  -4.2422633e-02   4.3191493e+00
   2.1112720e+01  -6.3754746e-01   4.3034073e+00
   1.9866713e+01   1.0445720e-02   4.3059030e+00
   2.1317604e+01  -7.2687023e-01   4.3056486e+00
   1.9863299e+01  -8.5791249e-01   4.2910121e+00
   1.9977041e+01   1.0450291e-02   4.3410987e+00
   2.1081740e+01   8.5875355e-01   4.3528612e+00
   1.9799216e+01  -1.0398356e+00   4.3547827e+00
   2.0333954e+01  -3.9538954e-03   4.3548120e+00
   2.1312947e+01  -7.7122908e-01   4.3509142e+00
   2.1462640e+01  -3.9013572e-01   4.3415658e+00
   2.1102205e+01   8.5469229e-01   4.3447913e+00
   2.1396120e+01  -7.3908324e-01   4.3669708e+00
   1.9116600e+01  -8.9345409e-01   4.3370255e+00
   2.1512118e+01  -1.0172949e+00   4.3553891e+00
   2.1314070e+01  -7.4973383e-01   4.3376309e+00
   2.0063213e+01   1.1075354e-02   4.3583101e+00
   2.1360378e+01  -7.3643029e-01   4.3411895e+00
   2.1473667e+01  -8.8949092e-01   4.3587343e+00
   2.1451833e+01  -8.3955093e-01   4.3694324e+00
   2.1080420e+01  -6.0698659e-01   4.3550961e+00
   2.0016077e+01   1.0508804e-02   4.3525252e+00
   2.0112743e+01   1.4893089e-02   4.3702777e+00
   2.1459313e+01  -4.8617683e-01   4.3692079e+00
   2.1462177e+01  -4.3909971e-01   4.3553850e+00
   2.1497837e+01  -9.3891811e-01   4.3559003e+00
   2.1509254e+01  -9.8501807e-01   4.3554394e+00
   2.0319750e+01   2.3702368e-02   4.3876597e+00
   1.9729906e+01  -1.0568122e+00   4.4020024e+00
   2.1427951e+01  -7.8956976e-01   4.3892678e+00
   2.1448354e+01  -5.2521342e-01   4.3909888e+00
   2.0297261e+01   5.6575002e-02   4.4020324e+00
   2.1427037e+01  -5.5389540e-01   4.4019959e+00
   1.9695488e+01  -1.1109290e+00   4.4201852e+00
   2.1098042e+01   9.5682775e-01   4.4051256e+00
   2.0413210e+01   3.9217091e-01   4.4093960e+00
   2.1416094e+01  -5.9293638e-01   4.4048299e+00
   2.0462686e+01   4.0648855e-01   4.4064757e+00
   2.0162615e+01   3.1835423e-02   4.3952850e+00
   2.1413365e+01  -6.4007351e-01   4.4049818e+00
   2.0259170e+01   7.9179905e-02   4.4085436e+00
   2.0366102e+01   3.5672035e-01   4.4236555e+00
   2.1416007e+01  -7.3969458e-01   4.3954428e+00
   2.0558159e+01   4.1038663e-01   4.4192123e+00
   2.1076974e+01   9.9604553e-01   4.4230249e+00
   2.1066591e+01  -5.9342054e-01   4.4053509e+00
   2.0211886e+01   7.6713604e-02   4.4222518e+00
   2.1413668e+01  -6.8962451e-01   4.4030868e+00
   1.9712695e+01  -1.0866944e+00   4.4082486e+00
   1.9763243e+01  -1.0433743e+00   4.3876554e+00
   2.1107163e+01   9.0847124e-01   4.3860221e+00
   2.0512063e+01   4.0986874e-01   4.4087712e+00
   2.0590436e+01   4.1044114e-01   4.4376619e+00
   2.0713029e+01  -6.3537827e-01   4.4725996e+00
   2.0309056e+01   2.6213318e-01   4.4766313e+00
   2.0327268e+01   3.1132898e-01   4.4590008e+00
   1.9662207e+01  -1.1148841e+00   4.4444235e+00
   2.0209021e+01   1.1336660e-01   4.4610450e+00
   1.9626768e+01  -1.1316940e+00   4.4663720e+00
   2.1065773e+01   1.0244416e+00   4.4587478e+00
   2.0764822e+01  -5.8799133e-01   4.4736992e+00
   1.9659315e+01  -1.3394889e+00   4.4731076e+00
   1.9694454e+01  -1.3566414e+00   4.4731038e+00
   2.0813028e+01  -5.7546264e-01   4.4770385e+00
   2.1063209e+01  -5.9007000e-01   4.4553234e+00
   2.1463582e+01  -7.4343856e-01   4.4530634e+00
   1.9600436e+01  -1.1529647e+00   4.4907968e+00
   2.0196591e+01   1.5615114e-01   4.5149047e+00
   2.0863010e+01  -5.5371957e-01   4.5095689e+00
   1.9616103e+01  -1.3218012e+00   4.4915597e+00
   2.0673814e+01  -5.9836260e-01   4.5177511e+00
   2.1512529e+01  -7.5753559e-01   4.5047733e+00
   1.9712059e+01  -1.4179265e+00   4.5015436e+00
   2.1011174e+01   1.0980176e+00   4.5333789e+00
   1.9581182e+01  -1.2854219e+00   4.5020311e+00
   2.1061114e+01   1.0613310e+00   4.5024009e+00
   2.0714822e+01  -6.2354082e-01   4.4887651e+00
   1.9521829e+01  -1.1900794e+00   4.5207487e+00
   2.0223388e+01   1.9538446e-01   4.5206569e+00
   2.0722842e+01  -5.9705701e-01   4.4917864e+00
   2.1062179e+01  -5.8909295e-01   4.5048054e+00
   2.0299785e+01   2.6613778e-01   4.5034629e+00
   1.9569623e+01  -1.1840111e+00   4.5037481e+00
   1.9568213e+01  -1.2375452e+00   4.5046240e+00
   1.9708736e+01  -1.3889225e+00   4.4915072e+00
   2.0273880e+01   2.4750417e-01   4.5340756e+00
   2.1052870e+01   1.0984434e+00   4.5398152e+00
   2.0966357e+01   1.0921626e+00   4.5443540e+00
   2.0914619e+01  -5.4176656e-01   4.5539746e+00
   1.9468572e+01  -1.1576461e+00   4.5428851e+00
   1.9435204e+01  -1.1156206e+00   4.5517961e+00
   2.0651768e+01  -7.2492657e-01   4.5723330e+00
   2.0617196e+01  -5.7601346e-01   4.5567835e+00
   2.0917229e+01   1.1393930e+00   4.5548706e+00
   2.0191059e+01   1.5711140e-01   4.5539242e+00
   2.0251165e+01   2.2109523e-01   4.5373555e+00
   1.9427436e+01  -1.1757690e+00   4.5663925e+00
   1.9501360e+01  -1.2396094e+00   4.5550601e+00
   2.0126959e+01   1.3968809e-01   4.5713204e+00
   2.0162017e+01   1.4940395e-01   4.5512576e+00
   2.1058770e+01  -5.8614945e-01   4.5513961e+00
   2.0931024e+01   1.1132296e+00   4.5525116e+00
   2.0664503e+01  -6.4098409e-01   4.5413177e+00
   2.0660149e+01  -6.8642702e-01   4.5558454e+00
   2.1560444e+01  -7.9127650e-01   4.5536001e+00
   1.9398937e+01  -1.1862589e+00   4.5925069e+00
   2.0964899e+01  -5.0979898e-01   4.6030568e+00
   1.9480452e+01  -1.3395499e+00   4.6020004e+00
   2.0641378e+01  -7.5165688e-01   4.6036968e+00
   2.1044684e+01  -5.7495858e-01   4.5867961e+00
   2.0971283e+01  -5.3629956e-01   4.5956743e+00
   1.9509368e+01  -1.4389181e+00   4.6196629e+00
   2.0758271e+01  -8.0534939e-01   4.6264354e+00
   1.9301688e+01  -1.1078482e+00   4.6238572e+00
   2.1601569e+01  -8.2931325e-01   4.5976618e+00
   2.1593277e+01  -8.7349034e-01   4.6174597e+00
   2.1054934e+01   1.1405479e+00   4.5927828e+00
   2.1032193e+01   1.1271953e+00   4.6025410e+00
   2.0515022e+01  -5.0897489e-01   4.6180853e+00
   1.9363011e+01  -1.1893270e+00   4.6113572e+00
   2.0101652e+01   1.5341275e-01   4.6054615e+00
   2.0574112e+01  -5.4706675e-01   4.5984442e+00
   2.1010717e+01  -5.5226025e-01   4.5994473e+00
   1.9480761e+01  -1.2895582e+00   4.5876838e+00
   1.9498874e+01  -1.3894909e+00   4.6081937e+00
   2.0709257e+01  -7.9141797e-01   4.6214430e+00
   1.9327064e+01  -1.1434293e+00   4.6107653e+00
   2.0046631e+01   2.1162072e-01   4.6647879e+00
   1.9512181e+01  -1.4850181e+00   4.6409846e+00
   2.0651722e+01  -7.8206690e-01   4.6310471e+00
   2.1517166e+01  -9.6786550e-01   4.6548096e+00
   2.0794315e+01  -8.3263081e-01   4.6575656e+00
   2.0463304e+01  -4.9345883e-01   4.6444001e+00
   2.0414707e+01  -4.8849183e-01   4.6682636e+00
   2.0073443e+01   1.7555977e-01   4.6402127e+00
   2.0564473e+01  -8.3399166e-01   4.6706117e+00
   2.0012094e+01   2.0680555e-01   4.6745045e+00
   1.9512636e+01  -1.5172950e+00   4.6514845e+00
   2.1562440e+01  -9.0300272e-01   4.6407255e+00
   2.1530450e+01  -9.3837697e-01   4.6519669e+00
   2.1659911e+01  -8.3783595e-01   4.6502525e+00
   2.0610144e+01  -8.1988101e-01   4.6534376e+00
   1.9330395e+01  -1.2394743e+00   4.6563555e+00
   1.9273713e+01  -1.0935131e+00   4.6587919e+00
   2.1069749e+01   1.1887663e+00   4.6503884e+00
   2.0582143e+01  -5.4127911e-01   4.6537190e+00
   2.0371862e+01  -4.8271624e-01   4.6993996e+00
   1.9316075e+01  -1.2890259e+00   4.7022343e+00
   2.0515246e+01  -8.0942017e-01   4.7034587e+00
   1.9248472e+01  -1.0901314e+00   4.7020004e+00
   1.9974522e+01   1.9270378e-01   4.7052776e+00
   2.0808157e+01  -8.3763487e-01   4.6841677e+00
   2.0065531e+01   3.1046896e-01   4.7195530e+00
   1.9909326e+01   1.2771236e-01   4.7098476e+00
   2.1064629e+01   1.2053417e+00   4.6830711e+00
   2.0364962e+01  -4.5920156e-01   4.7036654e+00
   2.1748003e+01  -8.5046848e-01   4.7160006e+00
   2.0808730e+01  -8.7406203e-01   4.7056919e+00
   2.0523531e+01  -8.3377760e-01   4.6983755e+00
   2.1113855e+01   1.2098642e+00   4.7013663e+00
   1.9948013e+01   1.6039997e-01   4.7059989e+00
   1.9862629e+01   1.1099594e-01   4.7269280e+00
   2.1708963e+01  -8.4210561e-01   4.6902350e+00
   2.0059566e+01   2.6065010e-01   4.6935138e+00
   2.0612961e+01  -5.3981980e-01   4.7051277e+00
   1.9213790e+01  -1.0896134e+00   4.7370847e+00
   1.9994653e+01   2.0597615e-01   4.7338117e+00
   2.1774753e+01  -8.6074355e-01   4.7421850e+00
   1.9309831e+01  -1.3360586e+00   4.7410101e+00
   2.1804831e+01  -8.4971208e-01   4.7594016e+00
   2.0479325e+01  -8.5248757e-01   4.7393725e+00
   2.1812403e+01  -7.6230816e-01   4.7556144e+00
   2.0452519e+01  -8.7887889e-01   4.7660824e+00
   2.0812118e+01  -9.0362969e-01   4.7553527e+00
   1.9184377e+01  -1.0895589e+00   4.7508532e+00
   2.0076979e+01   3.6044733e-01   4.7554144e+00
   1.9813192e+01   1.3514599e-01   4.7597643e+00
   2.1159508e+01   1.2280463e+00   4.7409171e+00
   1.9297899e+01  -1.3741220e+00   4.7691505e+00
   2.1197749e+01   1.2637052e+00   4.7690854e+00
   1.9815686e+01   9.3846917e-02   4.7726308e+00
   2.0314678e+01  -4.8786868e-01   4.7505130e+00
   2.1810930e+01  -7.9676866e-01   4.7565848e+00
   2.0645058e+01  -5.3963649e-01   4.7553575e+00
   2.1841805e+01  -8.8176455e-01   4.7927302e+00
   2.0427127e+01  -9.0437949e-01   4.7938253e+00
   1.9780299e+01   9.0008462e-02   4.8058190e+00
   1.9820206e+01   4.9827288e-02   4.7988655e+00
   2.0213043e+01  -4.8780557e-01   4.8157668e+00
   1.9843122e+01   5.7950198e-02   4.8035092e+00
   2.1811691e+01  -9.3773378e-01   4.8199215e+00
   2.0109262e+01   4.6039099e-01   4.8192586e+00
   1.9934968e+01  -3.4403151e-01   4.8270676e+00
   1.9273713e+01  -1.3966049e+00   4.8048035e+00
   2.1894476e+01  -8.7397375e-01   4.8194666e+00
   2.0412811e+01  -9.4235706e-01   4.8162788e+00
   2.1222557e+01   1.3064822e+00   4.8042345e+00
   2.0812636e+01  -9.4227702e-01   4.8047509e+00
   1.9827294e+01  -3.5904916e-02   4.8234266e+00
   1.9817749e+01   8.8300749e-03   4.8076611e+00
   2.0263015e+01  -4.8903640e-01   4.7902370e+00
   2.0098346e+01   4.1044170e-01   4.7915092e+00
   2.0659374e+01  -5.4007413e-01   4.8053827e+00
   2.1926434e+01  -8.5368390e-01   4.8553555e+00
   2.0164965e+01  -4.8208156e-01   4.8406963e+00
   2.0062903e+01  -4.2547446e-01   4.8692172e+00
   2.0812691e+01  -9.8553448e-01   4.8508487e+00
   1.9230991e+01  -1.4033140e+00   4.8509074e+00
   2.0399395e+01  -9.8554054e-01   4.8404663e+00
   2.1777038e+01  -9.8865408e-01   4.8581580e+00
   2.0111714e+01   5.0992749e-01   4.8553342e+00
   2.0134605e+01  -4.8757364e-01   4.8514528e+00
   2.0113030e+01  -4.5171465e-01   4.8552973e+00
   1.9848381e+01  -7.1285356e-02   4.8593164e+00
   1.9252258e+01  -1.4107580e+00   4.8375437e+00
   2.1244336e+01   1.3382495e+00   4.8336982e+00
   1.9745489e+01   2.8646611e-02   4.8658801e+00
   2.0380477e+01  -1.0173540e+00   4.8514257e+00
   2.1148682e+01   1.2395055e-01   4.8876767e+00
   1.9967345e+01  -3.5739301e-01   4.8564831e+00
   1.9762738e+01   6.0107192e-02   4.8410388e+00
   2.0666073e+01  -5.4293230e-01   4.8553847e+00
   2.1965702e+01  -8.4288314e-01   4.8910163e+00
   2.0812695e+01  -1.0173537e+00   4.8831255e+00
   2.1116597e+01   1.8875718e-01   4.9021184e+00
   2.1312636e+01  -5.6729927e-01   4.9059532e+00
   2.0680823e+01  -5.5384044e-01   4.9053848e+00
   2.1316219e+01   9.2405180e-02   4.9061606e+00
   2.1312177e+01  -5.3507266e-01   4.9087165e+00
   2.2010970e+01  -8.3977995e-01   4.9161122e+00
   2.1752772e+01  -1.0349904e+00   4.9013689e+00
   2.2066559e+01  -6.9299735e-01   4.9202458e+00
   2.0101732e+01   5.9604988e-01   4.9163986e+00
   2.1282060e+01   5.8189178e-02   4.9104414e+00
   1.9648813e+01   4.5696066e-02   4.9197257e+00
   2.2060519e+01  -7.8932265e-01   4.9204715e+00
   1.9676518e+01   2.5308574e-02   4.9053809e+00
   2.1269995e+01   1.7140440e-02   4.9267312e+00
   2.1390501e+01   1.0981172e-01   4.9053913e+00
   2.0014014e+01  -3.9010302e-01   4.8911465e+00
   2.1234277e+01  -3.3633816e-01   4.9107578e+00
   2.1282275e+01  -9.1815932e-02   4.9255469e+00
   2.1266042e+01  -3.7291487e-01   4.9233649e+00
   1.9859315e+01  -8.5601768e-02   4.9059555e+00
   2.1161667e+01   9.4919769e-02   4.9101975e+00
   2.1127123e+01   1.5927263e-01   4.8949187e+00
   2.1309313e+01  -4.8943337e-01   4.9192135e+00
   2.1262892e+01  -3.2617328e-01   4.9255553e+00
   2.1358759e+01   1.0650967e-01   4.9054668e+00
   2.2062952e+01  -7.4004743e-01   4.9121739e+00
   2.0109776e+01   5.5705957e-01   4.8910439e+00
   1.9712181e+01   1.7720950e-02   4.8909931e+00
   2.1136872e+01   5.8553149e-02   4.9526358e+00
   2.1298354e+01  -4.4283623e-01   4.9377318e+00
   2.1296422e+01  -5.9158407e-03   4.9425181e+00
   2.2080357e+01  -6.5452732e-01   4.9410983e+00
   2.2051908e+01  -8.3760404e-01   4.9424777e+00
   2.0091377e+01   6.2426881e-01   4.9444298e+00
   1.9576518e+01   4.8454757e-02   4.9668621e+00
   2.1291157e+01  -3.3633816e-01   4.9391978e+00
   2.1277033e+01  -4.0354235e-01   4.9383151e+00
   2.2112122e+01  -6.2969465e-01   4.9520028e+00
   2.1216639e+01   2.7604257e-02   4.9408237e+00
   2.1305236e+01  -9.8652942e-02   4.9514253e+00
   2.1262927e+01  -2.8649511e-01   4.9430928e+00
   2.1731049e+01  -1.0672928e+00   4.9331844e+00
   2.0101736e+01   6.6044550e-01   4.9702441e+00
   2.2141072e+01  -6.0791359e-01   4.9548123e+00
   2.1266760e+01  -1.8324495e-01   4.9759435e+00
   1.9862177e+01  -8.9036391e-02   4.9553847e+00
   1.9971905e+01  -3.5736364e-01   4.9497488e+00
   2.1174126e+01   5.3746622e-02   4.9436435e+00
   2.1307391e+01  -4.5117456e-02   4.9511195e+00
   2.1309024e+01  -1.3912347e-01   4.9669179e+00
   2.0715555e+01  -5.7469105e-01   4.9553848e+00
   2.1263940e+01  -2.3759385e-01   4.9571770e+00
   1.9612691e+01   5.4149494e-02   4.9444257e+00
   1.9964965e+01  -3.4402923e-01   4.9829037e+00
   1.9548303e+01   3.5741791e-02   4.9939666e+00
   1.9509364e+01   3.5604698e-02   5.0168662e+00
   1.9916887e+01  -3.4345855e-01   5.0040053e+00
   2.1246216e+01  -1.5572142e-01   4.9926519e+00
   2.2096583e+01  -8.7103087e-01   5.0022345e+00
   2.1346863e+01  -1.7664829e-01   5.0185771e+00
   2.1162201e+01  -1.4067365e-01   5.0088481e+00
   2.0109835e+01   6.9661849e-01   5.0088214e+00
   1.9862640e+01  -9.0072292e-02   5.0048121e+00
   2.1209013e+01  -1.4326792e-01   5.0028240e+00
   2.1113160e+01  -1.4351529e-01   5.0235776e+00
   2.0755931e+01  -5.8273549e-01   5.0053847e+00
   2.1303285e+01  -1.7786994e-01   4.9875030e+00
   2.2126257e+01  -8.8224278e-01   5.0548921e+00
   2.0780117e+01  -5.7417727e-01   5.0553827e+00
   2.0112287e+01   7.2478659e-01   5.0559046e+00
   1.9873838e+01  -3.4009777e-01   5.0516123e+00
   2.1376771e+01  -1.6795029e-01   5.0585328e+00
   1.9416023e+01   2.4323539e-02   5.0702437e+00
   1.9862691e+01  -9.3509040e-02   5.0514259e+00
   2.1066127e+01  -1.5733650e-01   5.0588219e+00
   1.9462695e+01   2.4786603e-02   5.0444805e+00
   2.1027552e+01  -1.9007469e-01   5.1025796e+00
   1.9862695e+01  -1.4350905e-01   5.1014213e+00
   1.9862727e+01  -2.3904085e-01   5.1047487e+00
   1.9862695e+01  -1.0785404e-01   5.0870843e+00
   2.0113164e+01   7.6330940e-01   5.1054080e+00
   1.9864964e+01  -3.2188806e-01   5.0871063e+00
   1.9829101e+01  -3.5675919e-01   5.0906929e+00
   2.1415763e+01  -1.7856567e-01   5.1055615e+00
   2.2162663e+01  -8.7463416e-01   5.1053318e+00
   1.9800856e+01  -3.8947011e-01   5.1174837e+00
   1.9377037e+01   3.2230905e-02   5.1087627e+00
   1.9862697e+01  -1.9007253e-01   5.1047486e+00
   1.9863013e+01  -2.8566282e-01   5.1014231e+00
   2.0773137e+01  -5.5046063e-01   5.1053562e+00
   2.0116100e+01   8.0752077e-01   5.1550708e+00
   2.0766030e+01  -5.2861748e-01   5.1551079e+00
   2.1461230e+01  -1.8668591e-01   5.1531685e+00
   2.1001706e+01  -2.2524274e-01   5.1411027e+00
   1.9770183e+01  -4.2153837e-01   5.1479097e+00
   1.9762984e+01  -5.1666587e-01   5.1550961e+00
   1.9348417e+01   2.1455629e-02   5.1553296e+00
   2.0973366e+01  -2.5028434e-01   5.1697282e+00
   1.9764420e+01  -4.8114736e-01   5.1536610e+00
   2.2198811e+01  -8.5378192e-01   5.1553762e+00
   2.0945867e+01  -2.7662813e-01   5.2087394e+00
   2.2226513e+01  -8.4241808e-01   5.2053211e+00
   2.0127291e+01   8.4555467e-01   5.2031157e+00
   1.9309949e+01   1.3313656e-02   5.2014763e+00
   2.0896895e+01  -2.5535685e-01   5.2402309e+00
   1.9698879e+01  -3.4294145e-01   5.2172789e+00
   2.1611884e+01  -1.8564633e-01   5.2228443e+00
   2.0766639e+01  -5.0465958e-01   5.2035074e+00
   1.9728272e+01  -3.8619738e-01   5.1895263e+00
   2.1560664e+01  -1.8893287e-01   5.2069613e+00
   2.1503583e+01  -1.8906135e-01   5.1942435e+00
   2.1510432e+01  -1.8949749e-01   5.2312401e+00
   2.0777688e+01  -4.9456720e-01   5.2468211e+00
   2.0795420e+01  -4.5471642e-01   5.2676147e+00
   1.9661616e+01  -3.0783875e-01   5.2478749e+00
   1.9234896e+01   1.0500234e-02   5.2508488e+00
   2.0149991e+01   8.7056864e-01   5.2442370e+00
   1.9634035e+01  -2.9408470e-01   5.2534011e+00
   2.0880130e+01  -2.2877886e-01   5.2587100e+00
   2.0900247e+01  -2.9537103e-01   5.2556377e+00
   2.0912127e+01  -1.1123655e-01   5.2592219e+00
   2.0666538e+01  -6.3952465e-01   5.2741418e+00
   2.1659229e+01  -1.7177597e-01   5.2559258e+00
   2.0466945e+01  -1.1673266e+00   5.2737102e+00
   2.0159081e+01   8.9211607e-01   5.2527997e+00
   2.0758594e+01  -6.2123935e-01   5.2700152e+00
   2.0712668e+01  -6.3565046e-01   5.2626921e+00
   1.9266713e+01   1.0909429e-02   5.2370296e+00
   2.0909363e+01  -1.4064970e-01   5.2692120e+00
   2.2262118e+01  -8.3674475e-01   5.2547486e+00
   2.0796964e+01  -4.2916805e-01   5.2926618e+00
   2.0479358e+01  -1.1353048e+00   5.2952091e+00
   2.1723654e+01  -1.0383631e-01   5.3192667e+00
   2.0880389e+01  -2.0059808e-01   5.2848484e+00
   2.0194370e+01   9.0648008e-01   5.3005622e+00
   2.0172873e+01   8.9544541e-01   5.2853314e+00
   2.0793270e+01  -5.8544933e-01   5.2891367e+00
   2.0898870e+01  -1.7533284e-01   5.2872064e+00
   2.0861000e+01  -3.2765791e-01   5.2879226e+00
   1.9612786e+01  -2.9376909e-01   5.2895779e+00
   1.9564683e+01  -2.9182004e-01   5.3177944e+00
   2.0511380e+01  -1.1182422e+00   5.3090008e+00
   2.0785623e+01  -4.0417122e-01   5.3108295e+00
   2.2294854e+01  -8.2578591e-01   5.3008486e+00
   2.0817658e+01  -3.5707434e-01   5.3029751e+00
   2.0509446e+01  -1.0908723e+00   5.3181183e+00
   2.0630471e+01  -6.4316588e-01   5.3088216e+00
   2.0805373e+01  -5.3837057e-01   5.2929822e+00
   2.1697834e+01  -1.3903191e-01   5.2915637e+00
   1.9522159e+01  -2.9675454e-01   5.3512252e+00
   2.0604794e+01  -1.0224017e+00   5.3641302e+00
   2.0529027e+01  -1.0569394e+00   5.3410783e+00
   2.1751734e+01  -7.8536356e-02   5.3553870e+00
   2.0613242e+01  -6.5587266e-01   5.3520091e+00
   2.2308218e+01  -8.0728176e-01   5.3331255e+00
   2.0612373e+01  -9.3899300e-01   5.3557247e+00
   1.9501399e+01  -3.3677677e-01   5.3674832e+00
   2.0564530e+01  -1.0396214e+00   5.3539678e+00
   2.0610883e+01  -9.8575523e-01   5.3573262e+00
   2.0601683e+01  -7.8932470e-01   5.3692040e+00
   2.0609825e+01  -8.3952480e-01   5.3587141e+00
   2.0612203e+01  -8.8949440e-01   5.3559281e+00
   2.0767428e+01  -4.2467117e-01   5.3566970e+00
   2.0860988e+01  -5.7546513e-01   5.3528442e+00
   2.0912431e+01  -6.0332226e-01   5.4044949e+00
   2.0590889e+01  -7.3815385e-01   5.3876091e+00
   2.1777524e+01  -5.0513355e-02   5.3915324e+00
   2.1312695e+01  -1.0172950e+00   5.4053848e+00
   2.0619447e+01  -1.0429526e+00   5.4053542e+00
   2.0665217e+01  -3.4175764e-01   5.4266288e+00
   2.0559372e+01  -6.8866978e-01   5.4158257e+00
   2.0598644e+01  -6.8439047e-01   5.3871734e+00
   2.1259285e+01  -7.5787991e-01   5.4236848e+00
   2.1815841e+01  -2.4754018e-02   5.4194920e+00
   1.9480797e+01  -3.6758625e-01   5.3873729e+00
   2.0632627e+01  -2.9150510e-01   5.4371604e+00
   1.9482429e+01  -2.7742850e-01   5.4035445e+00
   2.0759570e+01  -4.3224503e-01   5.4044687e+00
   2.1294452e+01  -7.9351511e-01   5.4093439e+00
   2.1308740e+01  -8.4012689e-01   5.4059619e+00
   2.1312118e+01  -8.8954993e-01   5.4054439e+00
   2.1312636e+01  -9.3892246e-01   5.4053892e+00
   2.1312691e+01  -9.8501831e-01   5.4053850e+00
   2.0744797e+01  -4.2102477e-01   5.4475806e+00
   2.0181054e+01  -7.8514034e-01   5.4731665e+00
   2.0284954e+01  -3.8508127e-01   5.4560121e+00
   2.0659872e+01  -1.0406880e+00   5.4376008e+00
   2.0690723e+01  -1.0397786e+00   5.4509119e+00
   2.0317227e+01  -3.7176816e-01   5.4592347e+00
   2.0614614e+01  -1.0768471e+00   5.4550678e+00
   2.0613195e+01  -1.9156438e-01   5.4671810e+00
   2.0512467e+01  -6.9273359e-01   5.4443387e+00
   1.9466890e+01  -2.5426409e-01   5.4506419e+00
   2.1861209e+01   1.3305293e-02   5.4567903e+00
   2.0708732e+01   3.8184079e-02   5.4731037e+00
   2.0363276e+01  -3.3949497e-01   5.4725943e+00
   2.0464611e+01  -7.0412328e-01   5.4699129e+00
   2.0616897e+01  -2.4012713e-01   5.4482697e+00
   2.0673264e+01  -3.4813893e-01   5.4534294e+00
   2.1215814e+01  -7.4374685e-01   5.4593396e+00
   2.0962611e+01  -6.3871835e-01   5.4516784e+00
   2.0497779e+01  -2.7520895e-01   5.5191531e+00
   2.0697725e+01   5.8799619e-03   5.4915089e+00
   1.9463358e+01  -2.4348809e-01   5.4831002e+00
   2.0840404e+01  -1.1895228e+00   5.5059824e+00
   2.1059038e+01  -6.7820774e-01   5.5102892e+00
   2.0614785e+01  -1.1039896e+00   5.5031309e+00
   2.0523109e+01  -2.4999763e-01   5.5220152e+00
   2.0202835e+01  -7.7229031e-01   5.4920756e+00
   2.0673116e+01  -4.0479055e-02   5.5015641e+00
   2.0648199e+01  -9.1598383e-02   5.5017133e+00
   2.1903326e+01   5.7006779e-02   5.4967381e+00
   2.0711011e+01  -3.8752114e-01   5.4696538e+00
   2.0572876e+01  -1.4183250e-01   5.5177254e+00
   2.0266170e+01  -7.2156581e-01   5.5186413e+00
   2.1910403e+01   8.8308756e-02   5.5031767e+00
   2.0412236e+01  -3.0675483e-01   5.5020573e+00
   2.0421752e+01  -7.2685897e-01   5.5064717e+00
   2.0612142e+01  -1.4872407e-01   5.4923780e+00
   2.1094944e+01  -6.3732057e-01   5.5206354e+00
   2.0760084e+01  -1.1876273e+00   5.5208422e+00
   2.0807870e+01  -1.1892696e+00   5.5089711e+00
   2.1179184e+01  -7.4158593e-01   5.5059028e+00
   2.1012146e+01  -6.7005283e-01   5.4890323e+00
   2.0227670e+01  -7.4292798e-01   5.5053808e+00
   2.0703546e+01  -1.1808936e+00   5.5442846e+00
   2.0313505e+01  -7.2862593e-01   5.5371158e+00
   2.0459259e+01  -2.9001320e-01   5.5238344e+00
   2.1957359e+01   9.6041520e-02   5.5534543e+00
   2.1098068e+01  -7.0137142e-01   5.5390348e+00
   2.1125341e+01  -7.2681780e-01   5.5517142e+00
   2.0548092e+01  -2.2467632e-01   5.5380953e+00
   2.1127032e+01  -5.4342251e-01   5.5554016e+00
   2.1152197e+01  -5.0727536e-01   5.5691549e+00
   2.0413460e+01  -7.5272173e-01   5.5539924e+00
   2.0712663e+01  -1.3172635e+00   5.5553508e+00
   2.1112179e+01  -5.8980703e-01   5.5417340e+00
   2.1158877e+01  -7.4528424e-01   5.5548667e+00
   2.1263982e+01  -3.6175044e-01   5.5592805e+00
   2.1292422e+01  -3.6175044e-01   5.5592805e+00
   2.0661044e+01  -1.1409952e+00   5.5356810e+00
   2.0364720e+01  -7.3366631e-01   5.5345255e+00
   2.0561478e+01  -1.8648728e-01   5.5374763e+00
   2.0710715e+01  -1.2369958e+00   5.5531189e+00
   2.0712406e+01  -1.2847337e+00   5.5550667e+00
   2.1265698e+01  -3.9351752e-01   5.5697259e+00
   2.0528960e+01  -9.7343858e-02   5.5581629e+00
   2.0580707e+01  -1.1425898e+00   5.5531030e+00
   2.1212434e+01  -4.7189457e-01   5.5986168e+00
   2.1177059e+01  -4.8955874e-01   5.5904711e+00
   2.1246581e+01  -4.3629040e-01   5.5905296e+00
   2.0407538e+01  -7.8589354e-01   5.5973118e+00
   2.0411322e+01  -8.1691893e-01   5.6035569e+00
   2.0500463e+01  -7.3780220e-02   5.6036337e+00
   2.0566512e+01  -1.1874031e+00   5.5960608e+00
   2.1998004e+01   1.2420929e-01   5.6050369e+00
   2.0563315e+01  -1.2176583e+00   5.6031008e+00
   2.1211006e+01  -7.9038184e-01   5.6053299e+00
   2.0411501e+01  -8.3862265e-01   5.6360540e+00
   2.0412515e+01  -8.8934121e-01   5.6512629e+00
   2.0450725e+01  -1.2052723e-01   5.6531469e+00
   2.0430722e+01  -1.3484387e-01   5.6550375e+00
   2.2026371e+01   1.5986428e-01   5.6547193e+00
   2.0412676e+01  -9.3890170e-01   5.6547902e+00
   2.0314754e+01  -7.8765611e-01   5.6708729e+00
   2.0412695e+01  -1.0172949e+00   5.6553801e+00
   2.0561853e+01  -1.2339716e+00   5.6517225e+00
   2.0467687e+01  -8.5497433e-02   5.6445819e+00
   2.0370391e+01  -7.9500949e-01   5.6446148e+00
   2.0412694e+01  -9.8501680e-01   5.6553244e+00
   2.1259106e+01  -8.3525631e-01   5.6553778e+00
   2.0557301e+01  -1.2660385e+00   5.6978969e+00
   2.0741703e+01  -5.8955886e-01   5.7099167e+00
   2.0400731e+01  -5.2069482e-02   5.7160543e+00
   2.2061543e+01   1.9260464e-01   5.7008464e+00
   2.0364640e+01  -9.1232928e-02   5.7191207e+00
   2.0525615e+01  -1.3019137e+00   5.7208127e+00
   2.0364732e+01  -8.1968694e-01   5.6813143e+00
   2.0264958e+01  -7.7516826e-01   5.7086416e+00
   2.0716023e+01  -5.8961337e-01   5.7236894e+00
   2.0421229e+01  -8.1411741e-02   5.6890513e+00
   2.1298291e+01  -8.6737875e-01   5.7053459e+00
   2.0376856e+01  -2.8777319e-02   5.7438781e+00
   2.0501559e+01  -1.3426436e+00   5.7550690e+00
   2.2091008e+01   2.0596836e-01   5.7331253e+00
   2.0698028e+01  -5.9013138e-01   5.7588304e+00
   2.0217202e+01  -1.8476343e-01   5.7728212e+00
   2.0362728e+01  -3.8621293e-03   5.7668051e+00
   2.1326650e+01  -8.6786493e-01   5.7550098e+00
   2.0533682e+01   1.3264574e-01   5.7593480e+00
   2.0313297e+01  -1.0501487e-01   5.7564713e+00
   2.0578930e+01  -1.2519096e+00   5.7536578e+00
   2.0559304e+01   1.6445499e-01   5.7703536e+00
   2.0222032e+01  -7.5198394e-01   5.7535153e+00
   2.0214980e+01  -7.4313742e-01   5.7835201e+00
   2.0454598e+01  -1.4390888e+00   5.8020554e+00
   2.0576734e+01   2.0758169e-01   5.7949479e+00
   2.0327075e+01   2.8221417e-02   5.8168343e+00
   2.0554895e+01   2.4501386e-01   5.8197259e+00
   2.0166644e+01  -7.2524550e-01   5.8031575e+00
   2.0433551e+01  -1.5252091e+00   5.8231039e+00
   2.0348873e+01   1.0965992e-02   5.7939600e+00
   2.0437945e+01  -1.4861760e+00   5.8087161e+00
   2.0716073e+01  -5.9351374e-01   5.8025823e+00
   2.0615736e+01  -1.2425886e+00   5.8050646e+00
   2.0230797e+01  -1.6979080e-01   5.7898621e+00
   2.0264995e+01  -1.3040429e-01   5.7947982e+00
   2.0474661e+01  -1.3899880e+00   5.7876887e+00
   2.1363437e+01  -8.3889240e-01   5.8028401e+00
   2.0216920e+01  -1.2048294e-01   5.8492690e+00
   2.0122150e+01  -6.8840994e-01   5.8461934e+00
   2.1410107e+01  -7.4784214e-01   5.8528372e+00
   2.0406467e+01  -1.5538363e+00   5.8558996e+00
   2.0742164e+01  -6.0786068e-01   5.8411323e+00
   2.0114994e+01  -6.6088910e-01   5.8531157e+00
   2.0512061e+01   2.6687305e-01   5.8548627e+00
   2.1412275e+01  -7.1243042e-01   5.8549712e+00
   2.0312110e+01   1.1069951e-01   5.8679788e+00
   2.1442356e+01  -7.8644422e-01   5.8611171e+00
   2.1458408e+01  -7.5623323e-01   5.8702111e+00
   2.0744538e+01  -6.4359544e-01   5.8700177e+00
   2.0658820e+01  -1.2394657e+00   5.8547843e+00
   2.0315924e+01   6.4318109e-02   5.8441625e+00
   2.1401012e+01  -8.0667417e-01   5.8438244e+00
   2.0167233e+01  -6.1150317e-02   5.9008151e+00
   2.0396652e+01   2.0903684e-01   5.9014023e+00
   2.0360163e+01   1.8853622e-01   5.9014550e+00
   2.0365740e+01  -1.5923591e+00   5.8910590e+00
   2.0064764e+01  -6.3941099e-01   5.9033976e+00
   2.0426768e+01   2.5301424e-01   5.9009606e+00
   2.1462021e+01  -7.4380526e-01   5.8878727e+00
   2.0465932e+01   2.7722526e-01   5.8875521e+00
   2.0331688e+01  -1.6361105e+00   5.9159797e+00
   2.0391091e+01  -1.6850224e+00   5.9192045e+00
   2.0726697e+01  -6.9090735e-01   5.9107307e+00
   2.1457805e+01  -7.8825638e-01   5.8855813e+00
   2.0262937e+01   1.5826258e-01   5.9046308e+00
   2.1427829e+01  -8.3946502e-01   5.9028399e+00
   2.0691588e+01  -1.2356477e+00   5.9014783e+00
   2.0352052e+01   1.5818076e-01   5.8907239e+00
   2.0181082e+01  -8.9897205e-02   5.8867159e+00
   2.0362304e+01  -1.6712498e+00   5.9271228e+00
   2.0184634e+01   2.0789046e-01   5.9509394e+00
   2.0013563e+01  -5.9010846e-01   5.9550327e+00
   2.0748406e+01  -6.7529974e-01   5.9705587e+00
   2.0697785e+01  -1.2212581e+00   5.9376025e+00
   2.0727263e+01  -7.0416206e-01   5.9607870e+00
   2.0690855e+01  -1.1855954e+00   5.9548077e+00
   2.0277316e+01  -1.6712939e+00   5.9559480e+00
   2.0166683e+01   2.4383549e-01   5.9553743e+00
   2.0814360e+01  -4.9188677e-01   5.9792181e+00
   2.0702195e+01  -1.1389772e+00   5.9691488e+00
   2.0129319e+01   2.7082467e-01   5.9727906e+00
   2.0717424e+01  -7.4467279e-01   5.9648929e+00
   2.0215225e+01   1.9956461e-01   5.9378374e+00
   2.1466159e+01  -8.7182164e-01   5.9550055e+00
   2.0265865e+01  -1.6850259e+00   5.9839860e+00
   2.0726568e+01  -1.0395502e+00   6.0019984e+00
   2.0758762e+01  -9.3960917e-01   6.0053311e+00
   2.0748246e+01  -9.8955818e-01   6.0048666e+00
   2.0713208e+01  -1.0894952e+00   5.9909846e+00
   2.0758508e+01  -8.9007550e-01   6.0053944e+00
   2.0229350e+01  -1.6858825e+00   6.0049838e+00
   2.0746348e+01  -8.4297960e-01   6.0055151e+00
   2.0109345e+01   2.9717932e-01   6.0070043e+00
   1.9966688e+01  -5.4351592e-01   6.0047191e+00
   2.0718156e+01  -8.0431463e-01   6.0062440e+00
   2.0864126e+01  -4.7646977e-01   6.0250399e+00
   2.0763883e+01  -5.9298291e-01   6.0180541e+00
   2.0818215e+01  -4.9932231e-01   6.0146286e+00
   2.0759575e+01  -6.3675043e-01   5.9947154e+00
   2.1512706e+01  -8.8564944e-01   6.0052873e+00
   2.1559314e+01  -8.8892701e-01   6.0548090e+00
   2.0798624e+01  -5.2829523e-01   6.0384860e+00
   2.0111368e+01   3.0676970e-01   6.0341055e+00
   1.9931056e+01  -5.0791349e-01   6.0508464e+00
   2.0077623e+01   3.2136797e-01   6.0553226e+00
   2.0664443e+01  -8.1143736e-01   6.0533051e+00
   2.0912872e+01  -4.9369277e-01   6.0590515e+00
   2.0199020e+01  -1.6909284e+00   6.0517288e+00
   2.0769954e+01  -5.5768505e-01   6.0478712e+00
   2.0615221e+01  -8.0062408e-01   6.0945145e+00
   2.0161898e+01  -1.6983714e+00   6.0890056e+00
   2.0764369e+01  -5.5732099e-01   6.1036516e+00
   1.9917231e+01  -4.9409049e-01   6.0831253e+00
   2.0059187e+01   3.4750549e-01   6.1031427e+00
   2.0134066e+01  -1.6917850e+00   6.1011666e+00
   2.0116431e+01  -1.7375967e+00   6.1188017e+00
   2.0584634e+01  -7.9288623e-01   6.1028305e+00
   2.0962200e+01  -5.2248610e-01   6.1025480e+00
   2.1597840e+01  -8.8898177e-01   6.1014803e+00
   2.0917227e+01  -2.7182658e-01   6.1593480e+00
   2.0061351e+01   3.5680448e-01   6.1334772e+00
   2.0563554e+01  -7.9294483e-01   6.1387523e+00
   2.1651732e+01  -8.7578981e-01   6.1548121e+00
   2.1623654e+01  -8.8622698e-01   6.1376028e+00
   2.0028764e+01   3.7495302e-01   6.1550055e+00
   2.1048091e+01  -5.4262703e-01   6.1660324e+00
   2.0930998e+01  -2.5331875e-01   6.1703537e+00
   2.1677495e+01  -8.5785038e-01   6.1692077e+00
   2.1009287e+01  -5.3626041e-01   6.1405551e+00
   2.0081029e+01  -1.7714857e+00   6.1542052e+00
   2.0516113e+01  -7.9345877e-01   6.1655605e+00
   2.0762697e+01  -5.7575122e-01   6.1550617e+00
   2.0067229e+01  -1.7850499e+00   6.1836959e+00
   2.1075288e+01  -5.5552784e-01   6.1921873e+00
   2.0966113e+01  -2.4231308e-01   6.1949500e+00
   2.0013066e+01   4.1321678e-01   6.2047170e+00
   2.0477070e+01  -8.0452069e-01   6.1909572e+00
   2.0448672e+01  -8.2914236e-01   6.2053256e+00
   2.1794509e+01  -9.3680383e-01   6.2226488e+00
   2.0916168e+01  -1.0057689e-01   6.2345833e+00
   2.1715555e+01  -8.6118181e-01   6.1915576e+00
   2.1009631e+01  -2.3622514e-01   6.2197556e+00
   2.1125292e+01  -6.3785897e-01   6.2099144e+00
   2.0411581e+01  -8.5412632e-01   6.2192287e+00
   2.1108357e+01  -5.8238037e-01   6.2094018e+00
   2.1148145e+01  -6.8924053e-01   6.2199827e+00
   2.1759262e+01  -8.9351339e-01   6.2059028e+00
   2.0761046e+01  -5.8639975e-01   6.2047528e+00
   2.1158081e+01  -5.7016926e-01   6.2394011e+00
   2.0733686e+01  -6.3730119e-01   6.2724718e+00
   2.0365220e+01  -9.1819130e-01   6.2515120e+00
   2.0877670e+01  -7.5331116e-02   6.2444801e+00
   2.0755670e+01  -5.9030161e-01   6.2511635e+00
   2.0963477e+01  -1.2860186e-01   6.2477861e+00
   2.1165557e+01  -7.8616560e-01   6.2553866e+00
   2.1014441e+01  -1.5444123e-01   6.2666767e+00
   2.0852835e+01  -4.0649602e-02   6.2525210e+00
   2.1176981e+01  -8.2514964e-01   6.2692080e+00
   1.9999422e+01   4.5642968e-01   6.2508463e+00
   2.0831054e+01  -1.1236548e-02   6.2548711e+00
   2.0332345e+01  -9.3611242e-01   6.2553532e+00
   2.1223309e+01  -4.9090627e-01   6.2708949e+00
   2.0314931e+01  -9.7320305e-01   6.2692309e+00
   2.1046722e+01  -2.2243514e-01   6.2551532e+00
   2.1197600e+01  -5.3568171e-01   6.2553338e+00
   2.0373308e+01  -8.9045656e-01   6.2412205e+00
   2.1159803e+01  -7.3900867e-01   6.2415848e+00
   2.1809313e+01  -9.7527202e-01   6.2559069e+00
   2.1198350e+01  -8.5325944e-01   6.2909887e+00
   2.0304162e+01  -9.9421227e-01   6.2912227e+00
   2.0310496e+01  -1.0195642e+00   6.3015121e+00
   2.1114327e+01  -2.0782725e-01   6.3045803e+00
   2.1249411e+01  -4.4838254e-01   6.2984163e+00
   2.1069865e+01  -1.9325429e-01   6.2895569e+00
   2.0732323e+01  -5.6124509e-01   6.2831593e+00
   2.0261291e+01  -1.0052379e+00   6.3054100e+00
   2.1816018e+01  -1.0038409e+00   6.2916121e+00
   2.1243906e+01  -3.3989960e-01   6.3160786e+00
   1.9980479e+01   4.8824533e-01   6.2831253e+00
   2.1830359e+01  -1.0423592e+00   6.3197213e+00
   2.0215793e+01  -1.0287656e+00   6.3197785e+00
   2.0759353e+01  -6.3050975e-01   6.2875982e+00
   2.1212122e+01  -9.1786767e-01   6.3048118e+00
   2.1162373e+01  -2.4351351e-01   6.3157944e+00
   2.1255609e+01  -3.9150626e-01   6.3065301e+00
   2.1209309e+01  -8.8840422e-01   6.3019945e+00
   2.1276200e+01  -4.3812011e-01   6.3365118e+00
   2.1208711e+01  -2.9016068e-01   6.3266182e+00
   2.0177007e+01  -1.0505342e+00   6.3448932e+00
   2.1309281e+01  -4.2498553e-01   6.3546643e+00
   2.0776793e+01  -6.8368648e-01   6.3376571e+00
   2.0148356e+01  -1.0746969e+00   6.3697809e+00
   2.0755420e+01  -7.2097078e-01   6.3692075e+00
   2.1334010e+01  -4.0054277e-01   6.3696480e+00
   2.1862686e+01  -1.0861088e+00   6.3581350e+00
   2.1337995e+01  -3.7859327e-01   6.3944198e+00
   2.0715534e+01  -7.3556579e-01   6.4087089e+00
   2.1354602e+01  -3.5435878e-01   6.4168617e+00
   2.0109368e+01  -1.0861179e+00   6.4054434e+00
   2.1894913e+01  -1.1212497e+00   6.4013671e+00
   2.1374659e+01  -3.4247304e-01   6.4439642e+00
   2.0016081e+01  -1.0895539e+00   6.4697218e+00
   2.1908222e+01  -1.1350224e+00   6.4331843e+00
   2.0062699e+01  -1.0890363e+00   6.4415617e+00
   2.1401527e+01  -3.3669449e-01   6.4668323e+00
   2.0681165e+01  -7.3897291e-01   6.4558554e+00
   2.1425293e+01  -3.2527019e-01   6.4941330e+00
   2.1454987e+01  -3.0392699e-01   6.5176905e+00
   1.9977609e+01  -1.0900641e+00   6.5081936e+00
   2.0668608e+01  -7.3946672e-01   6.5050191e+00
   2.1460687e+01  -2.9345239e-01   6.5373981e+00
   1.9952317e+01  -1.0928814e+00   6.5519396e+00
   2.0708538e+01  -6.1181116e-01   6.5592520e+00
   2.0672246e+01  -7.3927782e-01   6.5525349e+00
   2.0696870e+01  -6.4405770e-01   6.5694771e+00
   2.1493164e+01  -2.9294271e-01   6.5540053e+00
   1.9927668e+01  -1.1033774e+00   6.5870802e+00
   2.0705253e+01  -7.8562559e-01   6.5958168e+00
   1.9916658e+01  -1.1218312e+00   6.6008529e+00
   2.1507931e+01  -2.9012714e-01   6.5836711e+00
   2.0790152e+01  -8.3501820e-01   6.6050633e+00
   2.0671611e+01  -6.8985783e-01   6.5889216e+00
   2.0756501e+01  -8.2119743e-01   6.6033598e+00
   2.0565233e+01  -5.7024326e-01   6.6753547e+00
   2.0566936e+01  -8.8792313e-01   6.6772898e+00
   2.0664351e+01  -6.3991577e-01   6.6480718e+00
   2.0707080e+01  -8.2131296e-01   6.6494621e+00
   2.0615816e+01  -8.5581489e-01   6.7051236e+00
   2.0694195e+01  -8.3614282e-01   6.6867995e+00
   2.0427072e+01  -5.2185650e-01   6.7093187e+00
   2.0652933e+01  -5.5169493e-01   6.7096231e+00
   2.0579245e+01  -8.8434628e-01   6.7075925e+00
   2.0398411e+01  -4.8950150e-01   6.7236790e+00
   2.0573420e+01  -5.4854839e-01   6.7005278e+00
   2.0660894e+01  -5.9197238e-01   6.6883845e+00
   2.0620704e+01  -5.5136427e-01   6.7130280e+00
   2.0659258e+01  -8.4264772e-01   6.7014279e+00
   2.0515435e+01  -5.4094974e-01   6.7040781e+00
   2.0466392e+01  -5.3594165e-01   6.7057353e+00
   2.0552027e+01  -9.3814831e-01   6.7556962e+00
   2.0646298e+01  -5.0915210e-01   6.7427972e+00
   2.0627309e+01  -6.2216173e-01   6.7699956e+00
   2.0623641e+01  -4.9014351e-01   6.7697335e+00
   2.0617843e+01  -5.8809413e-01   6.7433383e+00
   2.0359835e+01  -4.5675542e-01   6.7592888e+00
   2.0523999e+01  -9.8929293e-01   6.8053846e+00
   2.0315618e+01  -4.4001779e-01   6.8054393e+00
   2.0603155e+01  -4.7408467e-01   6.8070608e+00
   2.0648437e+01  -6.3952812e-01   6.8082812e+00
   2.0500105e+01  -1.0392089e+00   6.8550689e+00
   2.0585976e+01  -3.9126144e-01   6.8680990e+00
   2.0277559e+01  -4.2527203e-01   6.8519986e+00
   2.0659833e+01  -6.5670267e-01   6.8525231e+00
   2.0583158e+01  -4.4637097e-01   6.8483151e+00
   2.0569214e+01  -4.5338930e-01   6.9014374e+00
   2.0252313e+01  -4.0062716e-01   6.8904160e+00
   2.0227668e+01  -3.7912168e-01   6.9152447e+00
   2.0470375e+01  -1.0872558e+00   6.9031157e+00
   2.0562207e+01  -2.9302260e-01   6.9199809e+00
   2.0676981e+01  -7.2182267e-01   6.9197300e+00
   2.0573428e+01  -3.4033267e-01   6.8946601e+00
   2.0665559e+01  -6.8949510e-01   6.8910985e+00
   2.0570360e+01  -4.6845037e-01   6.9436811e+00
   2.0464701e+01  -1.1176423e+00   6.9334751e+00
   2.0548821e+01  -2.5447464e-01   6.9568155e+00
   2.0593140e+01  -4.8376084e-01   6.9527378e+00
   2.0431653e+01  -1.1386610e+00   6.9550035e+00
   2.0216658e+01  -3.5785040e-01   6.9370255e+00
   2.0698350e+01  -7.3559927e-01   6.9587671e+00
   2.0527114e+01  -2.2917447e-01   6.9964809e+00
   2.0413531e+01  -1.1855592e+00   7.0047169e+00
   2.0516597e+01  -2.0785463e-01   7.0031474e+00
   2.0709313e+01  -7.3846330e-01   7.0059028e+00
   2.0564700e+01  -4.5532083e-01   6.9811778e+00
   2.0399472e+01  -1.2211927e+00   7.0508463e+00
   2.0712177e+01  -7.3610927e-01   7.0554395e+00
   2.0516083e+01  -2.0114551e-01   7.0500414e+00
   2.0380484e+01  -1.2350180e+00   7.0831253e+00
   2.0513213e+01  -1.7866254e-01   7.0901292e+00
   2.0712640e+01  -7.2515387e-01   7.1053887e+00
   2.0512750e+01  -1.5447292e-01   7.1152152e+00
   2.0512699e+01  -1.4351342e-01   7.1370232e+00
   2.0712691e+01  -7.0337280e-01   7.1553807e+00
   2.0712695e+01  -6.8949541e-01   7.2053257e+00
   2.0712699e+01  -6.7515822e-01   7.2548077e+00
   2.0712754e+01  -6.5004597e-01   7.3014257e+00
   2.0713268e+01  -6.2516279e-01   7.3370846e+00
   2.0730359e+01  -5.5400509e-01   7.3548077e+00
   2.0791072e+01  -5.0790924e-01   7.3553802e+00
   2.0762122e+01  -5.2963968e-01   7.3553257e+00
   2.0716591e+01  -5.8955863e-01   7.3514257e+00
