   2.0562695e+01  -6.3955428e-01  -9.4615221e-02
   2.0567131e+01  -6.3967327e-01   6.1934505e-03
   2.0568252e+01  -6.3972086e-01   3.1395515e-02
   2.0615962e+01  -6.4103427e-01   1.1150885e+00
   2.0585137e+01  -6.2629231e-01   2.1791490e+00
   2.0580167e+01  -6.3405607e-01   2.2113339e+00
   2.0601083e+01  -6.2128518e-01   2.2446247e+00
   2.0596310e+01  -6.0013303e-01   2.2648668e+00
   2.0667438e+01  -7.6183195e-01   2.2745891e+00
   2.0705242e+01  -7.8437714e-01   2.2808313e+00
   1.9719124e+01  -1.5915245e-01   2.3134059e+00
   1.9650456e+01  -8.0019934e-02   2.3159424e+00
   2.0625457e+01  -7.2003453e-01   2.3199107e+00
   2.1189986e+01   2.6625337e-01   2.3223834e+00
   1.9732338e+01  -1.7002432e-01   2.3229570e+00
   1.9681010e+01  -1.2191572e-01   2.3230345e+00
   2.1170900e+01   2.1482443e-01   2.3266847e+00
   1.9762718e+01  -1.8936242e-01   2.3287951e+00
   1.9633286e+01  -7.7515728e-02   2.3300148e+00
   2.0626682e+01  -5.2645559e-01   2.3307772e+00
   2.1164373e+01   2.0069320e-01   2.3329077e+00
   2.0774105e+01  -4.1858151e-01   2.3339498e+00
   1.9748946e+01  -1.9793204e-01   2.3361511e+00
   2.1148235e+01   1.4971227e-01   2.3415385e+00
   2.1108381e+01   6.2875326e-02   2.3417384e+00
   2.1133334e+01   9.8940472e-02   2.3420871e+00
   2.1185231e+01   2.2233716e-01   2.3429774e+00
   1.9610966e+01  -5.0988951e-02   2.3431098e+00
   2.1129575e+01   6.2496731e-02   2.3440805e+00
   2.1098553e+01   3.4503918e-02   2.3454319e+00
   2.1089311e+01   6.4833446e-03   2.3481236e+00
   2.1141799e+01   1.2532499e-01   2.3486029e+00
   2.1080166e+01  -8.4055491e-03   2.3495165e+00
   2.0667542e+01  -4.2257404e-01   2.3505150e+00
   2.1064533e+01  -5.6448121e-02   2.3523157e+00
   1.9666424e+01  -9.6002925e-02   2.3525924e+00
   2.0757998e+01  -1.1173255e+00   2.3534446e+00
   2.1216658e+01   2.4024980e-01   2.3554511e+00
   2.0719505e+01  -8.4153120e-01   2.3582701e+00
   2.1064251e+01  -7.2019992e-02   2.3593845e+00
   2.0591011e+01  -6.6999119e-01   2.3657450e+00
   2.1052825e+01  -1.2285217e-01   2.3702246e+00
   1.9623661e+01  -3.7471317e-02   2.3723531e+00
   2.0944815e+01  -5.4438017e-01   2.3734186e+00
   2.1013027e+01  -2.9226479e-01   2.3758072e+00
   1.9789873e+01  -2.3927711e-01   2.3759211e+00
   2.1042911e+01  -1.5014173e-01   2.3771948e+00
   2.1026574e+01  -2.6626265e-01   2.3773843e+00
   2.1009865e+01  -3.3742744e-01   2.3779532e+00
   2.0992255e+01  -3.6847325e-01   2.3781498e+00
   2.1014006e+01  -2.6966298e-01   2.3786623e+00
   2.0840375e+01  -4.9322132e-01   2.3797369e+00
   2.1046087e+01  -1.8879511e-01   2.3799403e+00
   2.0926859e+01  -4.9391448e-01   2.3799709e+00
   2.0986669e+01  -3.8257542e-01   2.3813561e+00
   2.0923042e+01  -4.4830846e-01   2.3831672e+00
   2.1036967e+01  -2.8343850e-01   2.3883596e+00
   2.0972528e+01  -4.7288661e-01   2.3904472e+00
   1.9792329e+01  -2.3699120e-01   2.3934388e+00
   2.0966615e+01  -5.7833079e-01   2.3941399e+00
   1.9569228e+01  -1.2496136e-02   2.3947621e+00
   2.0956685e+01  -4.5856084e-01   2.3961701e+00
   2.0770861e+01  -8.9168915e-01   2.3983867e+00
   1.9824927e+01  -2.9036559e-01   2.3985173e+00
   2.0586445e+01  -6.9120805e-01   2.4001711e+00
   2.0557486e+01  -6.3894469e-01   2.4014852e+00
   2.0787197e+01  -9.2326900e-01   2.4071440e+00
   2.0597620e+01  -7.2688395e-01   2.4100728e+00
   1.9827691e+01  -3.4317560e-01   2.4102240e+00
   2.0903406e+01  -3.6534055e-01   2.4123786e+00
   2.0757005e+01  -9.1554953e-01   2.4152194e+00
   1.9549355e+01   5.5589541e-03   2.4170708e+00
   2.0879807e+01  -5.3818977e-01   2.4190112e+00
   2.0764727e+01  -9.9798995e-01   2.4218575e+00
   2.0581779e+01  -6.0651018e-01   2.4225793e+00
   2.0664961e+01  -3.5333880e-01   2.4226589e+00
   2.0864697e+01  -5.1496953e-01   2.4244301e+00
   1.9549254e+01   9.5999287e-03   2.4285158e+00
   2.0749657e+01  -1.1565914e+00   2.4300866e+00
   1.9544357e+01   2.5503778e-02   2.4319256e+00
   2.0742104e+01  -3.6635361e-01   2.4339202e+00
   1.9770516e+01  -3.0618034e-01   2.4341833e+00
   2.0760803e+01  -9.3895318e-01   2.4357893e+00
   1.9858457e+01  -3.9840920e-01   2.4393341e+00
   2.0718623e+01  -1.3311592e+00   2.4411400e+00
   1.9911279e+01  -3.7222192e-01   2.4457166e+00
   2.0708095e+01  -1.3652298e+00   2.4468400e+00
   2.0799949e+01  -1.0623769e+00   2.4476379e+00
   1.9531494e+01   4.7599718e-02   2.4478154e+00
   1.9782445e+01  -3.5079003e-01   2.4493450e+00
   2.1029340e+01  -6.1890776e-01   2.4518063e+00
   2.0771087e+01  -1.0779180e+00   2.4565738e+00
   2.0730401e+01  -1.0796051e+00   2.4630354e+00
   2.0672928e+01  -1.1402714e+00   2.4660895e+00
   2.0754583e+01  -1.1196894e+00   2.4668489e+00
   2.0667193e+01  -2.6926599e-01   2.4676033e+00
   1.9798514e+01  -4.0178410e-01   2.4679497e+00
   1.9806475e+01  -3.6981025e-01   2.4692727e+00
   2.1115681e+01  -1.5871989e-01   2.4747532e+00
   1.9904079e+01  -5.6944402e-01   2.4751620e+00
   2.0671317e+01  -2.9523476e-01   2.4777547e+00
   2.0672980e+01  -3.0567589e-01   2.4784554e+00
   2.0327997e+01  -6.8200060e-01   2.4791664e+00
   1.9916800e+01  -5.8262644e-01   2.4792948e+00
   1.9913561e+01  -5.7214995e-01   2.4799960e+00
   1.9895431e+01  -5.3789207e-01   2.4831197e+00
   1.9786885e+01  -3.9706924e-01   2.4885154e+00
   2.1071181e+01  -6.4098441e-01   2.4945036e+00
   2.0922711e+01  -1.0885499e+00   2.4995938e+00
   2.0473940e+01  -6.4875954e-01   2.5010107e+00
   1.9774623e+01  -4.7151606e-01   2.5074515e+00
   2.0766536e+01  -1.1712364e+00   2.5075292e+00
   1.9754497e+01  -2.0739873e-01   2.5153566e+00
   2.1337696e+01   1.1829216e-01   2.5161543e+00
   2.1179172e+01  -8.3672523e-01   2.5183178e+00
   2.0733335e+01  -1.1919602e+00   2.5218024e+00
   2.1196556e+01  -1.0361360e+00   2.5224652e+00
   2.0795302e+01  -1.1275675e+00   2.5225407e+00
   2.1157904e+01  -8.4602323e-01   2.5232254e+00
   1.9925128e+01  -5.5383970e-01   2.5238493e+00
   2.1177750e+01  -8.5455283e-01   2.5240172e+00
   1.9758964e+01  -1.8313316e-01   2.5257487e+00
   2.1133713e+01  -7.3805245e-01   2.5259563e+00
   2.0687172e+01  -2.8522219e-01   2.5264079e+00
   1.9944773e+01  -5.9649997e-01   2.5267653e+00
   2.0778185e+01  -1.2213301e+00   2.5285168e+00
   1.9689179e+01  -3.2274846e-01   2.5297764e+00
   2.0571955e+01  -6.4245989e-01   2.5300575e+00
   2.1156179e+01  -8.5477589e-01   2.5324072e+00
   1.9855589e+01  -5.2920234e-01   2.5328829e+00
   2.1161610e+01  -1.0544970e+00   2.5329756e+00
   2.0702456e+01  -2.5845196e-01   2.5366879e+00
   2.1317538e+01   1.1040297e-01   2.5381477e+00
   2.1160050e+01  -9.0282330e-01   2.5386100e+00
   1.9732935e+01  -5.3789625e-01   2.5393011e+00
   2.1226685e+01   7.3672116e-02   2.5429354e+00
   2.0828866e+01  -1.1459301e+00   2.5450743e+00
   2.1192591e+01  -1.0283263e+00   2.5450945e+00
   2.1290713e+01   1.0652525e-01   2.5457005e+00
   2.1217885e+01  -1.4694766e-01   2.5469342e+00
   2.0109114e+01  -7.9339314e-01   2.5471343e+00
   2.0036617e+01  -6.3806181e-01   2.5477727e+00
   2.1192068e+01  -1.0053764e+00   2.5480422e+00
   2.0107699e+01  -7.6060838e-01   2.5484385e+00
   2.1036955e+01  -1.0882371e+00   2.5501832e+00
   2.1242570e+01  -1.0874620e+00   2.5519509e+00
   2.1034725e+01  -1.0993266e+00   2.5549801e+00
   2.0136877e+01  -7.3269724e-01   2.5561660e+00
   2.0220913e+01  -7.2488810e-01   2.5563858e+00
   2.1216182e+01  -1.0581897e+00   2.5574196e+00
   2.1147333e+01  -8.7387397e-01   2.5590351e+00
   2.0731424e+01  -2.1458504e-01   2.5600868e+00
   1.9677115e+01  -5.2812806e-01   2.5610516e+00
   2.1087151e+01  -1.1401943e+00   2.5610853e+00
   2.0070131e+01  -6.5691421e-01   2.5616754e+00
   2.0035443e+01  -8.3208857e-01   2.5677827e+00
   2.1117234e+01  -1.1336571e+00   2.5688607e+00
   2.1268965e+01  -1.2294419e-01   2.5736234e+00
   1.9657469e+01  -5.5985939e-01   2.5747318e+00
   2.1222941e+01   7.9607203e-02   2.5748794e+00
   2.0122650e+01  -6.8144855e-01   2.5752619e+00
   2.1188713e+01   6.6147245e-02   2.5753009e+00
   2.0814274e+01  -1.1921946e+00   2.5759113e+00
   1.9678516e+01  -5.5808761e-01   2.5771882e+00
   2.1149662e+01  -2.1790895e-02   2.5777754e+00
   2.0815167e+01  -1.2143712e+00   2.5812595e+00
   2.0729005e+01  -1.3153493e+00   2.5829872e+00
   1.9978891e+01  -8.2902636e-01   2.5865148e+00
   2.1231599e+01   6.9831749e-03   2.5873154e+00
   2.1324281e+01  -8.4649083e-02   2.5914667e+00
   1.9958376e+01  -8.3247104e-01   2.5994174e+00
   2.1229537e+01  -1.1872703e+00   2.5999760e+00
   2.1094047e+01  -4.3329225e-02   2.6007417e+00
   1.9249202e+01  -7.2698418e-01   2.6021321e+00
   1.9290529e+01  -7.5507637e-01   2.6046189e+00
   2.1228084e+01  -8.9991874e-01   2.6061011e+00
   2.1124573e+01  -8.6622054e-02   2.6071835e+00
   2.1088244e+01  -2.6492327e-03   2.6084037e+00
   2.1224148e+01  -1.1779838e+00   2.6111966e+00
   2.1192533e+01  -6.8900040e-01   2.6114281e+00
   2.0960256e+01  -2.6469125e-02   2.6114474e+00
   1.9824443e+01  -1.0763301e+00   2.6127915e+00
   1.9704190e+01  -6.6327902e-01   2.6142205e+00
   2.1353263e+01  -1.2777719e-01   2.6167375e+00
   2.1175411e+01  -1.3635807e-02   2.6213059e+00
   2.0860271e+01  -1.3254035e+00   2.6224004e+00
   1.9818897e+01  -1.1143181e+00   2.6231069e+00
   1.9842888e+01  -1.1692330e+00   2.6237599e+00
   2.0259396e+01  -6.6364932e-01   2.6247495e+00
   1.9707399e+01  -6.8691128e-01   2.6262623e+00
   1.9842172e+01  -1.1167293e+00   2.6274022e+00
   2.1034622e+01  -5.3877889e-02   2.6276865e+00
   2.1127965e+01  -7.7208211e-03   2.6298776e+00
   2.0339285e+01  -6.6899563e-01   2.6303915e+00
   1.9678208e+01  -8.1798990e-01   2.6306422e+00
   1.9839851e+01  -1.0701830e+00   2.6321539e+00
   2.0325796e+01  -6.6079766e-01   2.6328001e+00
   2.0867204e+01  -1.3531730e+00   2.6334273e+00
   2.0727018e+01  -1.3300802e+00   2.6348925e+00
   1.9909924e+01  -9.1397032e-01   2.6359049e+00
   2.1013295e+01   9.8646643e-03   2.6387764e+00
   1.9733540e+01  -6.5301031e-01   2.6404461e+00
   2.0695431e+01  -1.3436399e+00   2.6414027e+00
   2.0686634e+01  -1.3653730e+00   2.6417056e+00
   1.9814178e+01  -1.1544602e+00   2.6417560e+00
   2.1049043e+01  -4.5246697e-02   2.6426863e+00
   1.9516767e+01  -7.3736364e-01   2.6437669e+00
   2.1029928e+01  -2.5550369e-02   2.6438838e+00
   1.9335558e+01  -7.9468600e-01   2.6467391e+00
   1.9932810e+01  -8.4577829e-01   2.6546736e+00
   1.9590691e+01  -7.4848530e-01   2.6564920e+00
   2.0929536e+01  -7.7285972e-02   2.6592266e+00
   1.9449440e+01  -7.8812904e-01   2.6610278e+00
   1.9829966e+01  -9.9427373e-01   2.6615250e+00
   1.9320256e+01  -8.0598643e-01   2.6644418e+00
   2.0872376e+01  -7.5000008e-02   2.6644423e+00
   2.0867851e+01  -5.5418618e-02   2.6787745e+00
   1.9431086e+01  -8.2208941e-01   2.6793386e+00
   1.9628288e+01  -7.8457479e-01   2.6805011e+00
   2.0897522e+01  -3.7890055e-03   2.6838682e+00
   1.9780686e+01  -8.1651022e-01   2.6850300e+00
   1.9438874e+01  -8.4514661e-01   2.6886927e+00
   1.9721364e+01  -8.9918258e-01   2.6898195e+00
   1.9771302e+01  -8.4654466e-01   2.6925477e+00
   1.9800808e+01  -9.6079271e-01   2.6961044e+00
   1.9419422e+01  -8.6733616e-01   2.6974821e+00
   1.9728147e+01  -7.6947717e-01   2.6989847e+00
   2.0927726e+01  -1.3082153e+00   2.7130711e+00
   1.9729433e+01  -9.0957026e-01   2.7154989e+00
   1.9124807e+01  -8.6039566e-01   2.7186934e+00
   1.9754374e+01  -8.3914399e-01   2.7192210e+00
   1.9509482e+01  -8.9485526e-01   2.7205209e+00
   1.9531201e+01  -8.9397600e-01   2.7212092e+00
   1.9616788e+01  -8.7557560e-01   2.7216065e+00
   2.0938473e+01  -1.3115605e+00   2.7240878e+00
   1.9130609e+01  -8.9446638e-01   2.7286561e+00
   2.0946440e+01   8.2237871e-02   2.7312809e+00
   2.0596250e+01  -1.4903735e+00   2.7316988e+00
   2.0918814e+01  -1.2898198e+00   2.7326193e+00
   1.9435591e+01  -9.5035014e-01   2.7347258e+00
   2.0603528e+01  -5.6490970e-01   2.7399199e+00
   2.1510267e+01  -5.3656905e-01   2.7415764e+00
   2.1306245e+01  -6.7372572e-01   2.7429133e+00
   1.9544859e+01  -9.6488400e-01   2.7509450e+00
   2.0649806e+01  -1.4434096e+00   2.7563264e+00
   2.1630955e+01  -4.3150358e-01   2.7566108e+00
   2.1626468e+01  -4.2080351e-01   2.7579295e+00
   2.1413226e+01  -5.7657996e-01   2.7603296e+00
   2.1640358e+01  -4.5753736e-01   2.7612434e+00
   2.1320496e+01  -6.7296382e-01   2.7632876e+00
   1.9608623e+01  -1.0174536e+00   2.7668785e+00
   2.0629683e+01  -1.4754498e+00   2.7671767e+00
   2.0622918e+01  -5.3741581e-01   2.7686162e+00
   2.1322602e+01  -6.9302324e-01   2.7689224e+00
   2.1629963e+01  -4.0177071e-01   2.7694394e+00
   2.0958165e+01   1.8674822e-01   2.7695596e+00
   2.0988702e+01  -1.3401729e+00   2.7714050e+00
   2.1391808e+01  -6.2016330e-01   2.7727690e+00
   2.1064781e+01   2.4035614e-01   2.7754190e+00
   2.0970833e+01   1.0712397e-01   2.7761772e+00
   2.1026664e+01   2.0149537e-01   2.7768593e+00
   2.0639245e+01  -1.4601048e+00   2.7787577e+00
   2.1006341e+01   1.9621216e-01   2.7799277e+00
   1.9577633e+01  -1.0726510e+00   2.7820875e+00
   2.1036696e+01   2.1374476e-01   2.7829849e+00
   2.1035784e+01  -1.3616524e+00   2.7849057e+00
   2.1068192e+01  -1.3836613e+00   2.7850399e+00
   2.0646191e+01  -1.4189817e+00   2.7866734e+00
   2.1016991e+01   2.0849522e-01   2.7868260e+00
   2.1600684e+01  -4.6517374e-01   2.7871114e+00
   2.1506495e+01  -5.4223094e-01   2.7875515e+00
   2.1044208e+01  -1.3952176e+00   2.7886547e+00
   1.9726807e+01  -9.3010325e-01   2.7892964e+00
   2.0996626e+01   2.5092236e-01   2.7915384e+00
   2.0785264e+01  -1.1702808e+00   2.7938170e+00
   2.1559549e+01  -4.9867463e-01   2.7986896e+00
   2.1341943e+01  -6.8361344e-01   2.7993148e+00
   2.1468114e+01  -5.5397578e-01   2.8003738e+00
   2.1536170e+01  -5.2719901e-01   2.8009705e+00
   2.1332977e+01  -7.6483123e-01   2.8020680e+00
   2.0596142e+01  -5.7536780e-01   2.8054107e+00
   2.1393860e+01  -6.9032697e-01   2.8097527e+00
   2.1419226e+01  -6.2773274e-01   2.8119348e+00
   2.1365293e+01  -7.4188175e-01   2.8120114e+00
   2.1424297e+01  -5.9388962e-01   2.8166619e+00
   2.1053526e+01  -1.4204634e+00   2.8207390e+00
   2.0997038e+01   1.5843617e-01   2.8209705e+00
   2.1402752e+01  -5.8617480e-01   2.8251586e+00
   2.0586279e+01  -1.5831274e+00   2.8300301e+00
   2.0755420e+01  -4.2629059e-01   2.8318896e+00
   2.1408864e+01  -5.3351360e-01   2.8354259e+00
   2.1092157e+01  -1.4636301e+00   2.8408777e+00
   2.0818011e+01   8.2312803e-02   2.8418803e+00
   2.0813791e+01   9.1590224e-02   2.8437585e+00
   2.1217142e+01   2.0612460e-01   2.8443951e+00
   1.9616070e+01  -1.2027120e+00   2.8448277e+00
   2.0632445e+01  -6.0188013e-01   2.8457758e+00
   1.9497116e+01  -1.2637069e+00   2.8475485e+00
   2.0542876e+01  -1.6916729e+00   2.8510101e+00
   2.0615781e+01  -1.6033573e+00   2.8512556e+00
   2.0851829e+01  -3.1750323e-01   2.8541343e+00
   2.1232254e+01   1.9104844e-01   2.8574586e+00
   2.0929236e+01   1.8354977e-01   2.8594694e+00
   1.9606114e+01  -1.2275115e+00   2.8604526e+00
   2.0535477e+01  -1.7139323e+00   2.8616717e+00
   2.0923963e+01  -2.2098726e-01   2.8629153e+00
   2.0524250e+01  -1.7342786e+00   2.8633091e+00
   2.1237780e+01   2.2679360e-01   2.8637972e+00
   2.0935861e+01  -1.9762812e-01   2.8672371e+00
   2.1101395e+01  -1.5025718e+00   2.8680367e+00
   2.0761244e+01  -4.0596208e-01   2.8680576e+00
   2.0885549e+01   1.6806376e-01   2.8683572e+00
   2.0797763e+01  -4.0105222e-01   2.8704860e+00
   2.0842251e+01  -3.3492799e-01   2.8713796e+00
   2.0830502e+01  -4.0420482e-01   2.8720295e+00
   2.1126264e+01  -1.4910608e+00   2.8728877e+00
   2.0526307e+01  -1.7605571e+00   2.8743347e+00
   1.9577259e+01  -1.2891415e+00   2.8747198e+00
   2.0918726e+01  -2.1544049e-01   2.8748476e+00
   2.1279328e+01   2.2316647e-01   2.8749860e+00
   2.0821764e+01  -3.7795606e-01   2.8754208e+00
   2.0858417e+01   1.3326027e-01   2.8768329e+00
   2.0846372e+01  -3.4634353e-01   2.8781802e+00
   2.0527302e+01  -1.7889547e+00   2.8783265e+00
   2.0872115e+01  -3.1214160e-01   2.8810128e+00
   2.0867449e+01  -3.2238466e-01   2.8828237e+00
   2.0931808e+01  -1.9375238e-01   2.8832893e+00
   2.0488308e+01  -1.7874180e+00   2.8834209e+00
   1.9534819e+01  -1.1984651e+00   2.8839818e+00
   1.9629873e+01  -1.2891758e+00   2.8882703e+00
   1.9571649e+01  -1.3261624e+00   2.8895866e+00
   2.0940256e+01  -1.5596687e-01   2.8905635e+00
   2.1121502e+01  -1.5739177e+00   2.8936238e+00
   2.0951492e+01  -1.4509888e-01   2.8955585e+00
   2.1462604e+01  -6.5190755e-01   2.9010116e+00
   2.1316562e+01   2.2282039e-01   2.9017895e+00
   2.0899315e+01  -2.4798422e-01   2.9019376e+00
   2.0482607e+01  -1.8131085e+00   2.9032347e+00
   2.0962590e+01  -1.2432091e-01   2.9046090e+00
   2.0949891e+01  -1.2062845e-01   2.9050842e+00
   2.1090137e+01  -1.6030622e+00   2.9054650e+00
   2.1147411e+01  -1.5206302e+00   2.9123290e+00
   2.1139363e+01  -1.5269071e+00   2.9128939e+00
   2.0609207e+01  -1.5621206e+00   2.9169428e+00
   2.1184892e+01   3.2857242e-01   2.9186979e+00
   1.9511214e+01  -1.2450237e+00   2.9220235e+00
   2.1097530e+01   4.6191878e-01   2.9230684e+00
   2.0570139e+01  -1.5111048e+00   2.9237436e+00
   1.9366666e+01  -1.2971400e+00   2.9237873e+00
   2.1106843e+01   4.9998052e-01   2.9240115e+00
   1.9480125e+01  -1.2571665e+00   2.9266937e+00
   2.0589869e+01  -1.5030765e+00   2.9274264e+00
   2.1131793e+01   5.1417134e-01   2.9288868e+00
   2.1024802e+01   4.4433097e-01   2.9289170e+00
   2.1160504e+01  -1.5604927e+00   2.9306767e+00
   1.9398519e+01  -1.2890242e+00   2.9317369e+00
   2.1012161e+01   3.6224706e-01   2.9325893e+00
   1.9524337e+01  -1.5730954e+00   2.9326840e+00
   1.9372907e+01  -1.2748489e+00   2.9354572e+00
   1.9309180e+01  -1.2556197e+00   2.9379536e+00
   2.0605685e+01  -1.5367450e+00   2.9401058e+00
   2.1403774e+01  -1.1090644e+00   2.9402646e+00
   2.1145824e+01   5.5165493e-01   2.9413728e+00
   2.1063631e+01   4.1333764e-01   2.9432217e+00
   2.1131692e+01   5.8350447e-01   2.9456811e+00
   2.0991708e+01   4.2043063e-01   2.9463799e+00
   2.1370015e+01   1.8444891e-01   2.9465627e+00
   1.9328883e+01  -1.2911391e+00   2.9479643e+00
   2.0536809e+01  -1.5774195e+00   2.9523317e+00
   2.0589837e+01  -3.8248529e-01   2.9532037e+00
   2.0589944e+01  -3.0804785e-01   2.9548725e+00
   2.0941002e+01   3.8706567e-01   2.9579046e+00
   2.0555374e+01  -1.5277798e+00   2.9590111e+00
   2.1169625e+01   5.6829499e-01   2.9603617e+00
   2.0792559e+01  -1.4368348e+00   2.9628326e+00
   2.1193102e+01  -1.4682634e+00   2.9654232e+00
   1.9236366e+01  -1.2607422e+00   2.9661361e+00
   2.1411776e+01   2.1581819e-01   2.9684090e+00
   2.0532815e+01  -1.6147780e+00   2.9689360e+00
   2.0886837e+01   2.4515234e-01   2.9705795e+00
   2.0806869e+01  -1.4262802e+00   2.9712054e+00
   1.9387982e+01  -1.3286400e+00   2.9712267e+00
   1.9321760e+01  -1.2831658e+00   2.9715782e+00
   2.0894991e+01   2.2684517e-01   2.9716674e+00
   2.0897827e+01   2.6122375e-01   2.9724947e+00
   2.0853431e+01   2.5568276e-01   2.9755110e+00
   2.0834600e+01  -1.4401869e+00   2.9794134e+00
   2.1216450e+01  -1.5033546e+00   2.9826953e+00
   2.0931247e+01   2.2527487e-01   2.9834317e+00
   2.0533336e+01  -1.5865772e+00   2.9886055e+00
   2.0543621e+01  -3.4834508e-01   2.9912304e+00
   2.0571634e+01  -2.6822687e-01   2.9953069e+00
   2.1543895e+01  -6.8209245e-01   2.9973262e+00
   2.0590234e+01  -2.3833705e-01   3.0031757e+00
   1.9236260e+01  -1.3424596e+00   3.0085696e+00
   2.0565557e+01  -3.0327975e-01   3.0096139e+00
   2.1570481e+01  -7.0066956e-01   3.0103635e+00
   1.9431314e+01  -1.4158284e+00   3.0120322e+00
   2.1241121e+01  -1.5243441e+00   3.0155524e+00
   2.0828728e+01  -1.4039777e+00   3.0186824e+00
   1.9298645e+01  -1.3466303e+00   3.0196833e+00
   1.9528799e+01  -1.4952958e+00   3.0205393e+00
   1.9676232e+01  -1.3811171e+00   3.0254288e+00
   2.0550488e+01  -2.6640139e-01   3.0259486e+00
   2.0569147e+01  -2.3047969e-01   3.0270103e+00
   2.0817834e+01   4.2172748e-01   3.0300715e+00
   2.0588899e+01  -1.6951538e-01   3.0324835e+00
   1.9297766e+01  -1.3752470e+00   3.0328103e+00
   2.0544877e+01  -1.5602309e+00   3.0353466e+00
   2.1656271e+01  -6.4410579e-01   3.0359637e+00
   2.1628594e+01  -7.0503087e-01   3.0360343e+00
   1.9395797e+01  -1.3949873e+00   3.0369569e+00
   1.9483391e+01  -1.4436043e+00   3.0375660e+00
   1.9613445e+01  -1.5277222e+00   3.0378108e+00
   2.0822944e+01   4.3379906e-01   3.0388130e+00
   2.0803443e+01   5.2522993e-01   3.0398450e+00
   1.9137276e+01  -1.2823630e+00   3.0422223e+00
   2.0598921e+01  -1.6895622e-01   3.0442633e+00
   2.1671403e+01  -6.4783940e-01   3.0513941e+00
   2.1611022e+01  -8.0693517e-01   3.0517439e+00
   1.9495405e+01  -1.5018533e+00   3.0567199e+00
   1.9487138e+01  -1.5692609e+00   3.0658050e+00
   2.0546466e+01  -2.1031357e-01   3.0661445e+00
   2.0601273e+01  -1.3497861e-01   3.0666681e+00
   2.1649362e+01  -6.2487754e-01   3.0671974e+00
   2.0550729e+01  -1.6148597e+00   3.0785802e+00
   2.0451338e+01  -3.2693557e-01   3.0792403e+00
   2.0817686e+01   7.7884313e-01   3.0825345e+00
   1.9097927e+01  -1.2662871e+00   3.0837146e+00
   1.9477747e+01  -1.6216640e+00   3.0844041e+00
   2.0821404e+01   7.6703464e-01   3.0877019e+00
   1.9283444e+01  -1.4393955e+00   3.0883933e+00
   1.9442371e+01  -1.6495355e+00   3.0936923e+00
   2.0800645e+01   7.8186539e-01   3.0964329e+00
   1.9419922e+01  -1.6786625e+00   3.1003322e+00
   2.0771007e+01   6.6703769e-01   3.1049230e+00
   2.0886363e+01   8.1178438e-01   3.1064978e+00
   2.0608737e+01  -1.7485316e+00   3.1096216e+00
   2.0910617e+01   8.2580557e-01   3.1122264e+00
   1.9348686e+01  -1.6822834e+00   3.1133398e+00
   1.9382250e+01  -1.7166418e+00   3.1143565e+00
   2.0656275e+01   5.6502926e-01   3.1157420e+00
   2.0919281e+01   8.3041619e-01   3.1159064e+00
   2.1651378e+01  -9.4328526e-01   3.1170250e+00
   2.0610964e+01  -1.7526158e+00   3.1202094e+00
   1.9446413e+01  -1.6873594e+00   3.1211957e+00
   2.1715736e+01  -6.2554843e-01   3.1219196e+00
   2.0801349e+01   6.1015358e-01   3.1227940e+00
   1.9283964e+01  -1.4495768e+00   3.1238200e+00
   1.9483863e+01  -1.5617516e+00   3.1256205e+00
   1.9073442e+01  -1.3273973e+00   3.1261209e+00
   2.0532665e+01  -1.5804829e+00   3.1270083e+00
   1.9359620e+01  -1.7405765e+00   3.1270467e+00
   1.9295554e+01  -1.4961212e+00   3.1321684e+00
   2.1755551e+01  -6.1740173e-01   3.1322039e+00
   1.9437468e+01  -1.7407030e+00   3.1381574e+00
   1.9040660e+01  -1.2494604e+00   3.1413711e+00
   2.1737186e+01  -6.0465329e-01   3.1415037e+00
   2.0614060e+01  -5.2354575e-02   3.1508965e+00
   2.1742292e+01  -6.6210345e-01   3.1520823e+00
   2.0501363e+01  -1.4749442e+00   3.1543676e+00
   2.0622370e+01  -4.2574383e-02   3.1609762e+00
   2.0602436e+01  -5.6262710e-02   3.1628914e+00
   2.0473032e+01  -1.5340024e+00   3.1713211e+00
   2.1017690e+01   4.7281738e-01   3.1716163e+00
   1.9044427e+01  -1.1537688e+00   3.1726051e+00
   1.9147842e+01  -1.4076604e+00   3.1727802e+00
   1.9214423e+01  -1.5275132e+00   3.1730538e+00
   1.9207011e+01  -1.5353521e+00   3.1787515e+00
   1.8991299e+01  -1.2712837e+00   3.1868444e+00
   2.1786655e+01  -6.1875459e-01   3.1908850e+00
   2.0942656e+01   4.8915047e-01   3.1940998e+00
   2.1801384e+01  -6.1071599e-01   3.1980779e+00
   1.9195400e+01  -1.5714424e+00   3.2080069e+00
   2.0503658e+01  -1.5501594e+00   3.2093591e+00
   1.8931418e+01  -1.2922459e+00   3.2191181e+00
   1.8939626e+01  -1.2734465e+00   3.2218091e+00
   2.0639184e+01   4.4154864e-02   3.2232869e+00
   2.0613062e+01   1.9998417e-02   3.2259500e+00
   2.0955731e+01   5.8536160e-01   3.2365095e+00
   2.0637646e+01   9.0417335e-02   3.2375215e+00
   2.0644298e+01   7.0193329e-02   3.2383432e+00
   2.1810887e+01  -6.3915144e-01   3.2404969e+00
   2.1837243e+01  -6.6998630e-01   3.2417819e+00
   2.0219764e+01  -6.4273720e-01   3.2425858e+00
   2.0827006e+01   5.1106473e-01   3.2444799e+00
   2.0227634e+01  -6.6423842e-01   3.2512274e+00
   2.1041216e+01   5.7401514e-01   3.2512457e+00
   2.0639289e+01   1.0788195e-01   3.2541804e+00
   2.0631592e+01   7.9088031e-02   3.2560144e+00
   2.0794654e+01   5.4004936e-01   3.2618575e+00
   2.1005213e+01   6.2621602e-01   3.2683044e+00
   2.1831144e+01  -7.1896414e-01   3.2688945e+00
   2.0644972e+01   1.5281334e-01   3.2754214e+00
   1.8902054e+01  -1.2695349e+00   3.2759032e+00
   2.1052950e+01   7.3683817e-01   3.2794390e+00
   2.0795713e+01   5.6402588e-01   3.2800740e+00
   2.1840532e+01  -7.6371286e-01   3.2835844e+00
   2.1056294e+01   7.5448676e-01   3.2897834e+00
   2.0662884e+01   1.5998698e-01   3.2907145e+00
   2.0648402e+01   1.9099925e-01   3.2921325e+00
   2.1109632e+01   7.4112240e-01   3.3013837e+00
   2.0927840e+01   5.6154403e-01   3.3020919e+00
   2.1872701e+01  -5.9401880e-01   3.3074588e+00
   2.0261224e+01  -6.6661152e-01   3.3079545e+00
   2.1119715e+01   4.5787007e-01   3.3126726e+00
   2.0661985e+01   2.1681859e-01   3.3149100e+00
   2.1079718e+01   5.0995891e-01   3.3184022e+00
   2.1100917e+01   8.4257790e-01   3.3246177e+00
   2.1903880e+01  -6.2611244e-01   3.3249645e+00
   2.0235219e+01  -7.0447381e-01   3.3254661e+00
   2.0811224e+01   4.7232462e-01   3.3263861e+00
   1.8843627e+01  -1.2888042e+00   3.3265884e+00
   2.0669054e+01   2.4327712e-01   3.3272743e+00
   2.0223163e+01  -7.1576399e-01   3.3284067e+00
   1.8848360e+01  -1.2976575e+00   3.3293137e+00
   2.0650376e+01   2.1217668e-01   3.3310292e+00
   2.0373280e+01  -6.5212871e-01   3.3319616e+00
   2.0786845e+01   5.9051455e-01   3.3343384e+00
   2.0227249e+01  -7.3046120e-01   3.3360408e+00
   2.1103586e+01   8.5875252e-01   3.3391803e+00
   2.0795387e+01   5.2824733e-01   3.3396415e+00
   1.8834079e+01  -1.2810235e+00   3.3404434e+00
   1.8839525e+01  -1.2891884e+00   3.3426035e+00
   2.1122077e+01   8.9936439e-01   3.3536905e+00
   2.1136164e+01   8.9635032e-01   3.3537177e+00
   2.0668183e+01   2.7214188e-01   3.3541855e+00
   2.0278790e+01  -6.8421209e-01   3.3556795e+00
   2.0297709e+01  -6.8737328e-01   3.3558778e+00
   2.0681257e+01   2.7897885e-01   3.3579893e+00
   2.0436011e+01  -6.4008759e-01   3.3580757e+00
   1.8819311e+01  -1.3070461e+00   3.3592244e+00
   2.1103209e+01   4.8909054e-01   3.3602619e+00
   2.1097415e+01   5.9901709e-01   3.3605660e+00
   2.1137509e+01   9.0354855e-01   3.3667768e+00
   2.0736428e+01   5.2274301e-01   3.3669108e+00
   2.0440550e+01  -6.5870211e-01   3.3711851e+00
   2.0884195e+01   5.9800747e-01   3.3765596e+00
   2.0324095e+01  -6.6726159e-01   3.3788782e+00
   2.0794007e+01   5.8182060e-01   3.3808347e+00
   2.1930515e+01  -5.9308774e-01   3.3831538e+00
   2.0344371e+01  -7.0594592e-01   3.3892273e+00
   1.9837706e+01  -6.4295866e-01   3.3908044e+00
   2.1932189e+01  -6.0056907e-01   3.3985371e+00
   1.8814637e+01  -1.3008641e+00   3.4031697e+00
   1.9850749e+01  -6.5359363e-01   3.4052715e+00
   2.1960359e+01  -5.7501510e-01   3.4084120e+00
   2.1948378e+01  -5.9295817e-01   3.4102389e+00
   2.0905567e+01   6.1183497e-01   3.4146469e+00
   1.9762386e+01  -5.5936603e-01   3.4171260e+00
   2.0797869e+01   6.3400591e-01   3.4204425e+00
   1.9622713e+01  -4.1331725e-01   3.4213078e+00
   2.1122286e+01   5.1753747e-01   3.4213706e+00
   2.0529205e+01  -7.1057476e-01   3.4236398e+00
   2.0740669e+01   4.9020498e-01   3.4261812e+00
   2.1963878e+01  -4.9637008e-01   3.4266499e+00
   1.9739127e+01  -5.3257049e-01   3.4277434e+00
   1.9750478e+01  -5.3450296e-01   3.4279399e+00
   2.0382442e+01  -7.1507645e-01   3.4284708e+00
   2.0413625e+01  -1.3354178e+00   3.4293424e+00
   1.9669179e+01  -4.3804367e-01   3.4349186e+00
   2.0428890e+01  -1.3058472e+00   3.4349991e+00
   2.1112480e+01   5.3810862e-01   3.4362774e+00
   2.0937996e+01  -4.8015150e-01   3.4374158e+00
   2.1932316e+01  -6.5376464e-01   3.4396941e+00
   2.1962985e+01  -5.7534535e-01   3.4397383e+00
   2.0423633e+01  -1.2988615e+00   3.4400846e+00
   2.0404871e+01  -1.4013382e+00   3.4452716e+00
   2.0402792e+01  -1.4224822e+00   3.4474565e+00
   2.0427798e+01  -1.3638866e+00   3.4480604e+00
   2.0859846e+01  -5.7028857e-01   3.4482906e+00
   2.0453622e+01  -1.2515568e+00   3.4486294e+00
   2.0412635e+01  -1.4196484e+00   3.4494354e+00
   2.0441904e+01  -1.2984982e+00   3.4518263e+00
   2.1157478e+01  -5.6841343e-01   3.4570827e+00
   2.1974591e+01  -6.8157711e-01   3.4603410e+00
   2.1233966e+01  -5.6971835e-01   3.4604197e+00
   2.1215515e+01  -5.9881072e-01   3.4669210e+00
   2.1972648e+01  -6.2535011e-01   3.4669440e+00
   2.0708537e+01   3.6048139e-01   3.4678134e+00
   2.0459288e+01  -1.1981998e+00   3.4707515e+00
   2.0460506e+01  -1.2321456e+00   3.4781527e+00
   2.1057199e+01   5.2987617e-01   3.4907655e+00
   2.1009350e+01   4.1556086e-02   3.4984961e+00
   2.1026061e+01   4.0913310e-02   3.4987332e+00
   2.0659800e+01   3.8691438e-01   3.4988618e+00
   2.1926392e+01  -6.8001686e-01   3.5023346e+00
   2.0435423e+01  -1.0212423e+00   3.5050349e+00
   2.0438222e+01  -1.0100501e+00   3.5081827e+00
   2.0459374e+01  -1.1329173e+00   3.5082310e+00
   2.2019842e+01  -5.5093739e-01   3.5105077e+00
   1.9951618e+01  -7.6294901e-01   3.5144047e+00
   2.1480681e+01  -3.0979365e-01   3.5147918e+00
   2.0754544e+01  -3.0109576e-01   3.5155648e+00
   2.2032189e+01  -5.3686923e-01   3.5164821e+00
   2.1477606e+01  -3.3477716e-01   3.5182254e+00
   2.1397993e+01  -5.1422577e-01   3.5186111e+00
   2.1996802e+01  -5.9158359e-01   3.5190473e+00
   2.1458331e+01  -3.6566825e-01   3.5193596e+00
   2.0965380e+01  -5.7434600e-03   3.5198142e+00
   2.0429855e+01  -9.5823416e-01   3.5224587e+00
   2.1475700e+01  -3.1396601e-01   3.5241025e+00
   2.1435344e+01  -4.4961864e-01   3.5248211e+00
   2.0667364e+01  -5.9518336e-01   3.5258910e+00
   1.9996878e+01  -7.4643278e-01   3.5263202e+00
   2.0455684e+01  -1.0903420e+00   3.5273033e+00
   2.0442563e+01  -8.8220144e-01   3.5292253e+00
   2.1405728e+01  -6.2762591e-01   3.5292614e+00
   2.1359824e+01  -4.8192793e-01   3.5298284e+00
   2.0826614e+01   5.2058626e-01   3.5305888e+00
   2.0466136e+01  -9.1683434e-01   3.5312058e+00
   2.1270741e+01  -4.9953390e-01   3.5319178e+00
   2.1488000e+01  -2.4444548e-01   3.5329963e+00
   2.0441635e+01  -1.0538566e+00   3.5337230e+00
   2.1434637e+01  -5.0459638e-01   3.5339070e+00
   2.0036025e+01  -7.6264749e-01   3.5344049e+00
   2.0660340e+01   4.1478910e-01   3.5357404e+00
   2.0878248e+01  -1.0687070e-01   3.5377734e+00
   2.1492179e+01  -2.3445205e-01   3.5381186e+00
   1.9956584e+01  -7.2030232e-01   3.5384121e+00
   2.1501524e+01  -2.5718886e-01   3.5386039e+00
   2.0506360e+01  -1.1374909e+00   3.5408997e+00
   2.2052251e+01  -5.2349180e-01   3.5416124e+00
   2.0936113e+01  -2.7656381e-02   3.5426887e+00
   2.1391763e+01  -5.0747521e-01   3.5443982e+00
   2.0654983e+01  -6.2620093e-01   3.5459712e+00
   2.1352849e+01  -5.1373456e-01   3.5480545e+00
   2.0008148e+01  -7.4562228e-01   3.5484944e+00
   2.1501277e+01  -2.2561895e-01   3.5491027e+00
   1.9926369e+01  -6.7218235e-01   3.5512702e+00
   2.0925633e+01  -9.0952960e-03   3.5583827e+00
   2.0125160e+01  -7.7562756e-01   3.5596292e+00
   2.0929069e+01  -4.8716942e-02   3.5622000e+00
   1.9933747e+01  -6.9950589e-01   3.5645291e+00
   2.0897116e+01  -6.2999075e-02   3.5686661e+00
   2.0497450e+01  -7.7936305e-01   3.5733018e+00
   2.1461027e+01  -5.0707602e-01   3.5776287e+00
   2.0859238e+01  -1.1105044e-01   3.5814713e+00
   2.0519719e+01  -9.9003184e-01   3.5877416e+00
   2.0162278e+01  -7.7038319e-01   3.5891879e+00
   2.0901307e+01  -7.4257575e-02   3.5896516e+00
   2.0685322e+01   4.7657838e-01   3.5942602e+00
   2.1427731e+01  -6.1623649e-01   3.5957352e+00
   2.1524856e+01  -4.7678592e-01   3.5967069e+00
   2.0195872e+01  -8.2717569e-01   3.5969124e+00
   2.0882850e+01  -9.3061428e-02   3.6013855e+00
   2.1460966e+01  -7.3635716e-01   3.6016760e+00
   2.0551120e+01  -1.0666808e+00   3.6034097e+00
   2.1430428e+01  -6.4699577e-01   3.6075502e+00
   2.0859588e+01  -1.3529076e-01   3.6090235e+00
   2.1467273e+01  -7.4775443e-01   3.6104282e+00
   2.0692787e+01   4.9669946e-01   3.6125158e+00
   2.0692972e+01  -6.7950815e-01   3.6148504e+00
   2.1480348e+01  -7.5267405e-01   3.6170614e+00
   2.1474986e+01  -5.8505940e-01   3.6212704e+00
   2.0504272e+01  -7.9145533e-01   3.6214317e+00
   2.2084144e+01  -5.4486018e-01   3.6228228e+00
   2.0766897e+01   5.4591864e-01   3.6261848e+00
   2.0834145e+01  -1.4456833e-01   3.6298436e+00
   2.0584048e+01  -6.3843363e-01   3.6339788e+00
   2.0534698e+01  -8.2881427e-01   3.6367224e+00
   2.0809525e+01   7.2380022e-01   3.6386583e+00
   2.0752825e+01  -4.9243960e-01   3.6394341e+00
   2.1544414e+01  -4.5110410e-01   3.6405852e+00
   1.9919019e+01  -6.2978300e-01   3.6415775e+00
   1.9922294e+01  -6.5411557e-01   3.6423684e+00
   2.0560577e+01   5.0121307e-01   3.6491549e+00
   2.1526547e+01  -6.0491064e-01   3.6494082e+00
   2.0720681e+01  -6.8627330e-01   3.6494842e+00
   2.0811389e+01  -2.3343658e-01   3.6495355e+00
   2.0480829e+01  -7.5254756e-01   3.6497337e+00
   2.1540635e+01  -5.8969923e-01   3.6545682e+00
   2.0571215e+01  -1.0575362e+00   3.6556556e+00
   2.1073818e+01  -9.8266812e-01   3.6569906e+00
   2.0804565e+01  -2.8150706e-01   3.6584219e+00
   2.0803522e+01   6.7905154e-01   3.6622644e+00
   2.1510863e+01  -6.9099785e-01   3.6628491e+00
   2.0844558e+01  -1.9127908e-01   3.6649989e+00
   2.0831122e+01   7.2530990e-01   3.6666987e+00
   2.1070995e+01  -1.0039806e+00   3.6726531e+00
   2.0408396e+01  -8.3368990e-01   3.6803627e+00
   2.1086465e+01  -1.0005641e+00   3.6846624e+00
   2.1127460e+01  -1.0516057e+00   3.6873366e+00
   2.1026613e+01  -8.5720685e-01   3.6875254e+00
   2.0210885e+01  -8.1069336e-01   3.6915186e+00
   2.1042194e+01  -9.6628798e-01   3.6930865e+00
   2.0521217e+01   5.4681407e-01   3.6956233e+00
   2.0533152e+01   5.1175381e-01   3.6973215e+00
   2.1081707e+01  -1.0846114e+00   3.6974053e+00
   2.1114274e+01  -1.0678761e+00   3.6991352e+00
   2.0982466e+01  -8.4935244e-01   3.7006783e+00
   2.0408436e+01  -8.5843292e-01   3.7011841e+00
   2.0228025e+01  -8.4353491e-01   3.7029701e+00
   2.1572859e+01  -5.9550815e-01   3.7057391e+00
   2.1028033e+01  -9.5783625e-01   3.7089236e+00
   2.0711813e+01  -5.0899975e-01   3.7152639e+00
   2.0767560e+01   6.0650063e-01   3.7162300e+00
   2.0957907e+01  -8.3489895e-01   3.7174067e+00
   2.1537663e+01  -7.6121908e-01   3.7193005e+00
   2.0650829e+01  -7.2846513e-01   3.7195798e+00
   2.0514876e+01   5.3438096e-01   3.7219793e+00
   2.0801863e+01  -3.3944651e-01   3.7227126e+00
   2.0502224e+01   5.6733941e-01   3.7243351e+00
   2.0800288e+01  -3.6720623e-01   3.7252156e+00
   2.0785957e+01  -3.9076727e-01   3.7290643e+00
   2.1610936e+01  -5.3518423e-01   3.7327135e+00
   2.0727596e+01  -4.9189098e-01   3.7337517e+00
   2.0576051e+01  -6.6430472e-01   3.7340256e+00
   2.0834730e+01  -1.9155650e-01   3.7372876e+00
   2.0339253e+01  -8.6680167e-01   3.7382522e+00
   2.0402507e+01  -8.6031383e-01   3.7393016e+00
   2.0654565e+01  -7.6512519e-01   3.7400376e+00
   2.0641665e+01  -9.5345834e-01   3.7404288e+00
   2.0668282e+01  -9.2642505e-01   3.7440612e+00
   2.0641932e+01  -8.9595469e-01   3.7455578e+00
   2.0729581e+01  -4.5771661e-01   3.7499263e+00
   2.0098047e+01  -1.1357652e+00   3.7511766e+00
   2.0293066e+01  -9.7478366e-01   3.7610596e+00
   2.0116432e+01  -1.1169687e+00   3.7621986e+00
   2.0694709e+01  -7.5237512e-01   3.7628320e+00
   2.1558800e+01  -7.1786845e-01   3.7641143e+00
   2.0708074e+01  -8.1678061e-01   3.7655285e+00
   2.0027760e+01  -1.2065344e+00   3.7659265e+00
   2.0729486e+01  -5.3770011e-01   3.7681568e+00
   2.0030479e+01  -1.2230075e+00   3.7697845e+00
   2.1596832e+01  -4.5629605e-01   3.7718441e+00
   2.0073533e+01  -1.1653269e+00   3.7731095e+00
   2.0649863e+01  -8.3512002e-01   3.7745583e+00
   2.0198582e+01  -8.6938100e-01   3.7750790e+00
   2.0138659e+01  -1.0191784e+00   3.7782903e+00
   2.0023814e+01  -1.2434577e+00   3.7809539e+00
   2.0149208e+01  -1.0313288e+00   3.7835340e+00
   2.0140939e+01  -1.0630700e+00   3.7852064e+00
   2.1629415e+01   4.0243414e-01   3.7852416e+00
   2.0010095e+01  -1.2596502e+00   3.7875585e+00
   2.1638247e+01   4.1396279e-01   3.7880586e+00
   2.1651733e+01  -4.7232380e-01   3.7882055e+00
   2.1614946e+01   4.0517725e-01   3.7888717e+00
   2.0861626e+01   7.2470358e-01   3.7895652e+00
   2.1830297e+01   4.2947277e-01   3.7902544e+00
   2.1634375e+01   3.8902155e-01   3.7968153e+00
   2.0423311e+01  -8.5741170e-01   3.8020046e+00
   2.0002036e+01  -1.3053344e+00   3.8053457e+00
   2.1634205e+01  -4.5808327e-01   3.8090529e+00
   2.0164483e+01  -9.4880124e-01   3.8110124e+00
   2.1555812e+01   3.8266993e-01   3.8130988e+00
   2.0816792e+01  -5.4864496e-01   3.8133269e+00
   2.0699543e+01  -5.8838924e-01   3.8205498e+00
   2.0835640e+01   6.6314591e-01   3.8212774e+00
   2.0197546e+01  -9.3527855e-01   3.8218091e+00
   2.1574976e+01  -7.5797288e-01   3.8224097e+00
   1.9958749e+01  -1.3136410e+00   3.8272486e+00
   2.0023136e+01  -1.3410571e+00   3.8282663e+00
   2.0793683e+01  -5.2033836e-01   3.8287840e+00
   1.9915707e+01  -8.7386949e-01   3.8294024e+00
   2.0807338e+01  -5.0017842e-01   3.8306690e+00
   1.9917493e+01  -9.5747895e-01   3.8311682e+00
   2.1536539e+01   3.7710068e-01   3.8318855e+00
   2.1642004e+01  -4.3330653e-01   3.8330945e+00
   1.9900982e+01  -8.6562927e-01   3.8343718e+00
   1.9886326e+01  -8.6561447e-01   3.8380522e+00
   2.0937934e+01   1.9591045e-01   3.8403823e+00
   1.9852744e+01  -8.5197060e-01   3.8413584e+00
   2.0912191e+01   1.4653196e-01   3.8423253e+00
   1.9709274e+01  -4.8075796e-01   3.8432938e+00
   1.9607631e+01  -7.9536284e-01   3.8502194e+00
   2.1506141e+01   3.7417734e-01   3.8633669e+00
   2.0580793e+01   2.0941407e-01   3.8663386e+00
   2.0596058e+01   2.1605451e-01   3.8699037e+00
   2.1675581e+01  -4.3951485e-01   3.8706906e+00
   2.0882686e+01   1.6500800e-01   3.8738156e+00
   1.9526599e+01  -7.7324504e-01   3.8742797e+00
   2.0242200e+01  -1.0065300e+00   3.8757514e+00
   1.9594720e+01  -7.3882671e-01   3.8770164e+00
   1.9498889e+01  -7.9386091e-01   3.8795347e+00
   2.0641555e+01   1.9992910e-01   3.8833051e+00
   2.1474666e+01   3.4700554e-01   3.8870621e+00
   2.0829962e+01  -5.5927943e-01   3.8872786e+00
   2.0826958e+01   1.6716555e-01   3.8878408e+00
   1.9532917e+01  -6.8200949e-01   3.8907688e+00
   2.0660036e+01   1.9404734e-01   3.8929989e+00
   1.9755631e+01  -4.7946918e-01   3.8957632e+00
   2.0375770e+01  -9.1601255e-01   3.8973058e+00
   2.1465772e+01   3.6498817e-01   3.8974815e+00
   2.0257639e+01  -4.1924869e-02   3.8994004e+00
   2.1690631e+01  -4.2370679e-01   3.8998023e+00
   1.9531454e+01  -6.6588652e-01   3.9030837e+00
   2.0949272e+01   2.1670177e-01   3.9042670e+00
   2.0257342e+01  -5.5006440e-02   3.9053685e+00
   1.9604492e+01  -5.2247756e-01   3.9055233e+00
   1.9534132e+01  -5.8557279e-01   3.9110537e+00
   2.0347374e+01  -9.4253060e-01   3.9115994e+00
   2.0770549e+01  -5.2745028e-01   3.9131846e+00
   1.9457218e+01  -8.8919517e-01   3.9138896e+00
   2.0870607e+01   7.0004000e-01   3.9141890e+00
   2.0832522e+01   1.7407777e-01   3.9187660e+00
   2.0857578e+01   6.8282167e-01   3.9187794e+00
   2.0754855e+01   1.9111543e-01   3.9190317e+00
   1.9645004e+01  -5.4695373e-01   3.9192120e+00
   1.9447857e+01  -8.9591761e-01   3.9205593e+00
   1.9539136e+01  -5.6367511e-01   3.9215879e+00
   2.0379358e+01  -9.5391150e-01   3.9216074e+00
   1.9424151e+01  -8.9245754e-01   3.9262277e+00
   1.9721320e+01  -4.7947791e-01   3.9274820e+00
   1.9513405e+01  -7.4183907e-01   3.9276930e+00
   2.0427787e+01  -8.3070672e-01   3.9287486e+00
   2.1409663e+01   3.4335589e-01   3.9290750e+00
   2.1427281e+01   3.3349678e-01   3.9311186e+00
   2.0459317e+01  -7.8081361e-01   3.9311853e+00
   1.9638670e+01  -4.4095839e-01   3.9363141e+00
   1.9735225e+01  -5.1201216e-01   3.9363490e+00
   2.0471402e+01  -7.5759527e-01   3.9364486e+00
   2.1712073e+01  -4.2006038e-01   3.9373665e+00
   2.0496104e+01  -7.0641715e-01   3.9383005e+00
   2.0886294e+01   2.8040395e-01   3.9385041e+00
   2.0288489e+01  -1.0246184e-01   3.9394602e+00
   2.0509554e+01  -7.4166203e-01   3.9404833e+00
   2.0850340e+01   2.8509549e-01   3.9416411e+00
   2.1428638e+01   3.3361250e-01   3.9460162e+00
   2.1228969e+01  -3.0948467e-01   3.9465671e+00
   2.0430096e+01  -8.4101984e-01   3.9468116e+00
   1.9555038e+01  -4.9815474e-01   3.9473763e+00
   2.1252964e+01  -3.3448280e-01   3.9476491e+00
   1.9377283e+01  -9.8220494e-01   3.9521255e+00
   2.0868167e+01   3.0542630e-01   3.9584842e+00
   2.1394797e+01   3.2329988e-01   3.9585641e+00
   2.0956036e+01   2.7597505e-01   3.9603485e+00
   1.9351391e+01  -1.0367935e+00   3.9618529e+00
   1.9352828e+01  -1.0224570e+00   3.9627546e+00
   1.9335750e+01  -1.0335567e+00   3.9630229e+00
   1.9412032e+01  -8.4314559e-01   3.9642025e+00
   2.1438540e+01   2.5640075e-01   3.9674507e+00
   2.0949880e+01   3.0166234e-01   3.9676066e+00
   1.9786527e+01  -5.5350580e-01   3.9701070e+00
   2.1242837e+01  -2.7904989e-01   3.9701724e+00
   2.0742971e+01   3.2631568e-01   3.9787632e+00
   2.1385538e+01   3.0969994e-01   3.9813905e+00
   2.1210678e+01  -2.4728805e-01   3.9817253e+00
   2.0975975e+01   3.0956931e-01   3.9876201e+00
   2.1694269e+01  -3.7303436e-01   3.9892540e+00
   1.9583275e+01  -4.1536484e-01   3.9892898e+00
   2.1318922e+01   3.4692181e-01   3.9906085e+00
   2.1194293e+01  -3.0777437e-01   3.9907718e+00
   2.0722766e+01   4.0659837e-01   3.9919351e+00
   2.1173009e+01  -3.4529321e-01   3.9946683e+00
   2.0828009e+01   3.1344737e-01   3.9965204e+00
   1.9823425e+01  -5.7334229e-01   4.0004634e+00
   2.1731970e+01  -3.9044361e-01   4.0008266e+00
   1.9768821e+01  -5.9325491e-01   4.0025968e+00
   2.0976435e+01   3.3453826e-01   4.0026821e+00
   2.1164157e+01  -3.5479407e-01   4.0031614e+00
   2.1334663e+01   3.1564777e-01   4.0036940e+00
   2.0746638e+01   3.8070533e-01   4.0038767e+00
   1.9784475e+01  -5.8034581e-01   4.0048638e+00
   2.0788944e+01   3.3793136e-01   4.0058889e+00
   1.9336772e+01  -9.2941585e-01   4.0102572e+00
   1.9607497e+01  -3.7572770e-01   4.0116988e+00
   2.0744192e+01   4.1451322e-01   4.0117625e+00
   2.1270125e+01   3.0673163e-01   4.0118610e+00
   1.9379229e+01  -8.5653385e-01   4.0133925e+00
   2.0992572e+01   3.3221954e-01   4.0135591e+00
   1.9594778e+01  -3.6550722e-01   4.0156725e+00
   1.9323160e+01  -9.0328984e-01   4.0204742e+00
   2.0923190e+01   3.4836728e-01   4.0206986e+00
   1.9755422e+01  -5.1543719e-01   4.0239191e+00
   2.1111864e+01  -4.0161828e-01   4.0256569e+00
   2.1739878e+01  -3.7630442e-01   4.0286291e+00
   2.1111141e+01  -4.4196283e-01   4.0332953e+00
   2.0449693e+01  -2.4744213e-01   4.0351193e+00
   1.9457663e+01  -7.2292838e-01   4.0358545e+00
   2.1131880e+01  -4.3945038e-01   4.0358957e+00
   2.1807112e+01  -3.9348176e-01   4.0364008e+00
   1.9357859e+01  -8.2765209e-01   4.0387232e+00
   2.0950720e+01   3.7717715e-01   4.0387491e+00
   2.0932782e+01  -5.9882931e-01   4.0396561e+00
   2.0989873e+01  -5.2311098e-01   4.0435330e+00
   1.9336057e+01  -8.3762417e-01   4.0469849e+00
   2.1120551e+01  -4.4807290e-01   4.0488563e+00
   2.0484094e+01  -3.2077415e-01   4.0495602e+00
   1.9313569e+01  -9.0057796e-01   4.0497942e+00
   2.1040306e+01   3.8754060e-01   4.0497980e+00
   2.1114314e+01  -4.5825828e-01   4.0552383e+00
   2.1004939e+01  -5.6040835e-01   4.0579761e+00
   2.1060307e+01   4.0204047e-01   4.0651454e+00
   2.1753351e+01  -3.6543394e-01   4.0667352e+00
   1.9617680e+01  -2.5582009e-01   4.0679425e+00
   1.9629603e+01  -2.4935305e-01   4.0694149e+00
   1.9906686e+01  -6.3609689e-01   4.0704165e+00
   1.9296604e+01  -9.1455572e-01   4.0733454e+00
   2.0997326e+01  -6.0889650e-01   4.0745276e+00
   1.9613500e+01  -2.3997736e-01   4.0795248e+00
   2.1760411e+01  -3.5455876e-01   4.0827613e+00
   1.9895273e+01  -5.8577108e-01   4.0839413e+00
   1.9951914e+01  -6.5382035e-01   4.0861967e+00
   2.0475078e+01  -2.7936108e-01   4.0885898e+00
   2.0455089e+01  -2.4809645e-01   4.0891673e+00
   1.9942342e+01  -6.3533518e-01   4.0897323e+00
   1.9961665e+01  -6.3244655e-01   4.0970386e+00
   2.0437412e+01  -2.3022648e-01   4.0987788e+00
   2.1047535e+01  -5.1828039e-01   4.1002913e+00
   2.1033812e+01  -5.3100778e-01   4.1053684e+00
   1.9979662e+01  -6.0288406e-01   4.1090300e+00
   2.1031437e+01  -5.5521737e-01   4.1101587e+00
   2.0512705e+01  -2.3315511e-01   4.1108815e+00
   1.9992449e+01  -7.2765058e-01   4.1111130e+00
   2.0406640e+01  -2.6365132e-01   4.1115293e+00
   2.0111262e+01  -8.7529738e-01   4.1119760e+00
   1.9994296e+01  -6.9632524e-01   4.1120797e+00
   2.0987857e+01  -5.4979428e-01   4.1173009e+00
   2.0416309e+01  -2.1415949e-01   4.1182794e+00
   2.1754178e+01  -3.8510434e-01   4.1211699e+00
   2.0082725e+01  -8.9272544e-01   4.1226393e+00
   2.0091561e+01  -8.8648404e-01   4.1236680e+00
   2.0078329e+01  -9.1183800e-01   4.1237083e+00
   2.0037220e+01  -8.2163945e-01   4.1240698e+00
   2.0404223e+01  -2.4496583e-01   4.1273779e+00
   2.0435445e+01  -2.2886742e-01   4.1279346e+00
   1.9258153e+01  -8.8767086e-01   4.1283020e+00
   2.1021837e+01   5.5046166e-01   4.1325370e+00
   2.1013375e+01   5.2165446e-01   4.1437591e+00
   2.1024478e+01   5.3417589e-01   4.1476543e+00
   2.1025135e+01   4.9154946e-01   4.1482275e+00
   2.0383754e+01  -1.9436771e-01   4.1503371e+00
   2.0415781e+01  -1.8369014e-01   4.1519540e+00
   2.0045404e+01  -9.5002571e-01   4.1536535e+00
   1.9232669e+01  -9.1689363e-01   4.1724804e+00
   2.1070165e+01   6.3868363e-01   4.1737769e+00
   2.1067563e+01   6.1662823e-01   4.1742445e+00
   2.1053584e+01   5.4780945e-01   4.1763712e+00
   2.1103400e+01   6.4318093e-01   4.1872291e+00
   2.1139113e+01   7.2426300e-01   4.1876881e+00
   2.0065731e+01  -1.1774133e+00   4.1904515e+00
   2.0062756e+01  -1.1157265e+00   4.1916538e+00
   2.0063471e+01  -1.0910040e+00   4.1934379e+00
   2.0064424e+01  -1.1040429e+00   4.1940133e+00
   2.1774198e+01  -3.0161310e-01   4.1948954e+00
   2.0065669e+01  -1.0692317e+00   4.2003742e+00
   2.0070783e+01  -1.1218750e+00   4.2046656e+00
   2.1110286e+01   7.5341148e-01   4.2091866e+00
   2.1311787e+01   8.1612155e-01   4.2125410e+00
   2.1283371e+01   8.1110566e-01   4.2131177e+00
   2.1216614e+01   7.5000009e-01   4.2205327e+00
   2.1124738e+01   7.3555036e-01   4.2206557e+00
   2.1068466e+01   7.2780885e-01   4.2248490e+00
   2.0353925e+01  -1.5676596e-01   4.2252306e+00
   1.9182412e+01  -9.1798604e-01   4.2281647e+00
   2.1227802e+01  -6.7708556e-01   4.2327872e+00
   2.1032185e+01   7.0785015e-01   4.2404699e+00
   2.0337429e+01  -1.3681664e-01   4.2425188e+00
   2.1067434e+01   7.5267241e-01   4.2469227e+00
   2.1150311e+01  -6.7894071e-01   4.2475748e+00
   1.9897472e+01  -8.8147868e-01   4.2516935e+00
   1.9866848e+01  -1.2196374e+00   4.2548849e+00
   2.1154242e+01  -7.0529056e-01   4.2642329e+00
   1.9849510e+01  -1.0432773e+00   4.2647348e+00
   2.1059653e+01   7.8983456e-01   4.2678234e+00
   1.9876035e+01  -1.2435741e+00   4.2702896e+00
   1.9167003e+01  -9.2045858e-01   4.2751775e+00
   1.9918868e+01  -9.8255121e-01   4.2759602e+00
   1.9870227e+01  -1.1695123e+00   4.2759605e+00
   2.1305110e+01  -6.9752157e-01   4.2795505e+00
   2.0321220e+01  -1.0739994e-01   4.2830323e+00
   1.9828364e+01  -5.2711882e-03   4.2921914e+00
   1.9927254e+01  -2.5289108e-03   4.2976028e+00
   1.9868415e+01  -9.9581672e-01   4.2980232e+00
   2.1097035e+01   8.2083721e-01   4.2993961e+00
   1.9844885e+01  -1.1031989e+00   4.3007895e+00
   1.9868370e+01  -1.0235863e+00   4.3042613e+00
   2.1422231e+01  -7.0732120e-01   4.3062789e+00
   2.1467305e+01  -2.7223890e-01   4.3079404e+00
   2.1254100e+01  -7.2347380e-01   4.3106942e+00
   2.1478794e+01  -3.0861199e-01   4.3117226e+00
   1.9916525e+01   7.3546968e-03   4.3126115e+00
   1.9796804e+01  -8.3371170e-01   4.3146664e+00
   1.9137073e+01  -9.0243937e-01   4.3153921e+00
   1.9943133e+01  -1.2706327e-02   4.3167330e+00
   2.1482862e+01  -3.0088157e-01   4.3176917e+00
   1.9163174e+01  -9.4148696e-01   4.3180826e+00
   2.1513648e+01  -3.2042860e-01   4.3194336e+00
   2.1485078e+01  -3.4364760e-01   4.3209755e+00
   1.9803757e+01  -1.0222700e+00   4.3216335e+00
   2.1470133e+01  -3.2288806e-01   4.3217919e+00
   1.9976851e+01   5.8323100e-03   4.3260180e+00
   2.1051397e+01   9.0023805e-01   4.3313663e+00
   1.9970590e+01  -5.8757764e-03   4.3315154e+00
   2.1352835e+01  -7.6057923e-01   4.3344981e+00
   1.9775211e+01  -8.1402895e-01   4.3347472e+00
   2.1084399e+01   8.5612986e-01   4.3355140e+00
   1.9735488e+01  -7.8299477e-01   4.3379083e+00
   1.9795969e+01  -1.0566100e+00   4.3385085e+00
   2.1467019e+01  -3.9064262e-01   4.3385448e+00
   1.9742413e+01  -7.9259970e-01   4.3388401e+00
   2.0341346e+01   2.0783529e-02   4.3389522e+00
   2.1297599e+01  -7.6521128e-01   4.3394319e+00
   2.1461729e+01  -4.0456092e-01   4.3414884e+00
   2.1095877e+01   8.6856179e-01   4.3453210e+00
   2.0384740e+01   1.2258171e-01   4.3454805e+00
   1.9095431e+01  -8.4660396e-01   4.3497244e+00
   2.1390589e+01  -7.1611542e-01   4.3498301e+00
   1.9113843e+01  -8.6578904e-01   4.3535032e+00
   2.1506253e+01  -1.0287509e+00   4.3551292e+00
   2.1540238e+01  -1.0720178e+00   4.3572337e+00
   2.1333694e+01  -7.4158805e-01   4.3597565e+00
   2.0046180e+01   4.1757280e-03   4.3644503e+00
   2.1348645e+01  -8.0623997e-01   4.3651377e+00
   2.1349235e+01  -7.3406437e-01   4.3688455e+00
   2.1369560e+01  -5.8728836e-01   4.3707102e+00
   2.1538655e+01  -1.1159726e+00   4.3726671e+00
   2.1441943e+01  -8.9697557e-01   4.3730137e+00
   2.1450156e+01  -8.7677005e-01   4.3762501e+00
   2.1443617e+01  -8.4828910e-01   4.3775011e+00
   2.1378361e+01  -7.4229882e-01   4.3777189e+00
   1.9722710e+01  -1.1450638e+00   4.3786587e+00
   2.0420357e+01   2.6337926e-01   4.3813322e+00
   2.0325704e+01  -9.3400543e-03   4.3851271e+00
   1.9715480e+01  -1.0387956e+00   4.3862267e+00
   2.1422659e+01  -7.7406627e-01   4.3863480e+00
   2.0330490e+01   3.5348829e-02   4.3916780e+00
   2.1439583e+01  -5.1581572e-01   4.3976444e+00
   2.0313512e+01   7.0221974e-02   4.3990713e+00
   2.1434195e+01  -5.2852209e-01   4.4013027e+00
   1.9697250e+01  -1.1222598e+00   4.4015872e+00
   1.9419752e+01  -1.0998891e+00   4.4068795e+00
   2.1127140e+01   9.4646633e-01   4.4078797e+00
   2.0427699e+01   3.9687705e-01   4.4109607e+00
   2.1532735e+01  -1.1855208e+00   4.4109879e+00
   2.1406706e+01  -5.8461192e-01   4.4124120e+00
   2.0443354e+01   4.0773687e-01   4.4136959e+00
   2.0486166e+01   3.9700775e-01   4.4149578e+00
   2.0175399e+01  -8.6383593e-03   4.4155807e+00
   2.1414500e+01  -5.9032092e-01   4.4158362e+00
   2.1410882e+01  -6.2649552e-01   4.4175136e+00
   2.0143409e+01  -9.5220215e-03   4.4179950e+00
   2.0254513e+01   9.3734356e-02   4.4188955e+00
   2.0359926e+01   3.5878614e-01   4.4192959e+00
   2.1101948e+01   9.8397854e-01   4.4196086e+00
   2.1426816e+01  -7.5978995e-01   4.4202825e+00
   2.0461030e+01   4.0955877e-01   4.4203253e+00
   2.0541371e+01   4.1280191e-01   4.4213131e+00
   2.0375128e+01   2.3695526e-01   4.4242450e+00
   2.1052363e+01   1.0124394e+00   4.4291252e+00
   2.0563495e+01   4.2363548e-01   4.4301817e+00
   2.0589284e+01   4.2946780e-01   4.4317891e+00
   1.9644398e+01  -1.0838297e+00   4.4325828e+00
   1.9061693e+01  -8.9596976e-01   4.4339559e+00
   1.9077442e+01  -8.8763758e-01   4.4354067e+00
   2.0720206e+01  -6.3372489e-01   4.4358478e+00
   2.0628866e+01   3.9252921e-01   4.4364478e+00
   2.0328303e+01   2.4782357e-01   4.4370577e+00
   2.0998301e+01   9.9313180e-01   4.4372892e+00
   2.1125892e+01   9.7408833e-01   4.4383862e+00
   2.0337368e+01   3.2663338e-01   4.4383910e+00
   1.9643104e+01  -1.1911917e+00   4.4392545e+00
   2.1433513e+01  -6.2616118e-01   4.4402631e+00
   2.0624050e+01   4.2023657e-01   4.4437807e+00
   1.9644386e+01  -1.1137527e+00   4.4439418e+00
   2.0309957e+01   4.4710057e-01   4.4440734e+00
   2.0330734e+01   4.4295934e-01   4.4461042e+00
   1.9620341e+01  -1.1880366e+00   4.4515258e+00
   2.0193109e+01   1.1629848e-01   4.4522851e+00
   2.0996991e+01   1.0245133e+00   4.4540923e+00
   1.9634133e+01  -1.1630319e+00   4.4544236e+00
   2.1057553e+01   1.0258508e+00   4.4582374e+00
   2.0684235e+01   4.7149593e-01   4.4611961e+00
   2.0747502e+01  -5.8713621e-01   4.4655016e+00
   1.9680529e+01  -1.3279664e+00   4.4661174e+00
   2.0700064e+01   4.7993149e-01   4.4664152e+00
   1.9730646e+01  -1.3392784e+00   4.4705248e+00
   2.1230148e+01   1.0381735e+00   4.4726496e+00
   1.9722728e+01  -1.3574410e+00   4.4764052e+00
   1.9608999e+01  -1.1622436e+00   4.4855847e+00
   2.0233534e+01   1.4928163e-01   4.4865959e+00
   2.0854578e+01  -5.5245606e-01   4.4883456e+00
   1.9766149e+01  -1.4624696e+00   4.4917492e+00
   1.9606553e+01  -1.3154266e+00   4.4922735e+00
   2.0665645e+01  -5.6938298e-01   4.4939142e+00
   2.1327428e+01   1.0496379e+00   4.4971041e+00
   1.9760939e+01  -1.5016949e+00   4.5022319e+00
   2.0853028e+01   1.1554719e+00   4.5054007e+00
   1.9530344e+01  -9.5879891e-01   4.5077075e+00
   2.0712934e+01  -6.9114207e-01   4.5092857e+00
   2.1514571e+01  -7.4355949e-01   4.5095380e+00
   2.0863958e+01   1.1945860e+00   4.5096132e+00
   1.9713864e+01  -1.4639779e+00   4.5153165e+00
   2.1016321e+01   1.0944471e+00   4.5158652e+00
   2.0851301e+01   1.2362023e+00   4.5174243e+00
   2.0723706e+01  -6.7539593e-01   4.5202852e+00
   1.9566674e+01  -1.2712346e+00   4.5214196e+00
   2.1061623e+01   1.0726678e+00   4.5253760e+00
   2.0723231e+01  -6.5322807e-01   4.5263560e+00
   1.9511252e+01  -1.2003319e+00   4.5263681e+00
   2.0221928e+01   1.9598125e-01   4.5296550e+00
   2.0238318e+01   2.6939179e-01   4.5308917e+00
   2.1039364e+01   1.1100274e+00   4.5309155e+00
   2.0184840e+01   1.8036465e-01   4.5309254e+00
   2.1066150e+01   1.0818408e+00   4.5320645e+00
   2.0941637e+01   1.0659196e+00   4.5338200e+00
   2.0924864e+01  -5.5746811e-01   4.5339019e+00
   1.9465730e+01  -1.1163287e+00   4.5388151e+00
   1.9923309e+01   1.6252166e-01   4.5407675e+00
   1.9433797e+01  -1.0774511e+00   4.5408629e+00
   2.0642310e+01  -7.1595422e-01   4.5411661e+00
   2.0621018e+01  -6.0605209e-01   4.5427988e+00
   2.0898648e+01   1.1456027e+00   4.5441619e+00
   1.9477630e+01  -8.9631166e-01   4.5443320e+00
   2.0634884e+01  -7.6844763e-01   4.5498161e+00
   2.0195407e+01   1.7890166e-01   4.5498789e+00
   2.0247286e+01   2.1347086e-01   4.5540473e+00
   2.0116809e+01   1.1225178e-01   4.5612324e+00
   1.9524402e+01  -1.3053704e+00   4.5612403e+00
   2.1168566e+01   1.1218918e+00   4.5633917e+00
   1.9423507e+01  -1.1915253e+00   4.5691863e+00
   1.9496703e+01  -1.2595058e+00   4.5724516e+00
   2.0134171e+01   1.3480619e-01   4.5783654e+00
   2.1183928e+01   1.1389776e+00   4.5827223e+00
   1.9401408e+01  -1.1936541e+00   4.5866701e+00
   2.0950556e+01  -5.0679442e-01   4.5899320e+00
   1.9442283e+01  -1.3180293e+00   4.5901093e+00
   2.0611301e+01  -7.3828043e-01   4.5924409e+00
   2.0965040e+01  -4.9496492e-01   4.5937939e+00
   2.1044830e+01  -6.0914591e-01   4.5956694e+00
   2.0977571e+01  -5.1702624e-01   4.5992197e+00
   1.9437465e+01  -1.3433815e+00   4.6004768e+00
   1.9506166e+01  -1.4409746e+00   4.6053206e+00
   2.0984153e+01  -5.3865570e-01   4.6060625e+00
   2.0743536e+01  -7.9987860e-01   4.6073099e+00
   2.1000943e+01  -4.8583925e-01   4.6107131e+00
   1.9288460e+01  -1.1054085e+00   4.6126872e+00
   2.1606988e+01  -8.6241990e-01   4.6147683e+00
   2.1612692e+01  -8.7120235e-01   4.6176254e+00
   1.9512031e+01  -1.4660265e+00   4.6181646e+00
   2.1068170e+01   1.1421749e+00   4.6191235e+00
   2.1022848e+01   1.1102788e+00   4.6196657e+00
   2.0517780e+01  -4.9296438e-01   4.6212004e+00
   1.9440854e+01  -1.3465416e+00   4.6220132e+00
   1.9348696e+01  -1.1907170e+00   4.6268864e+00
   2.0076568e+01   2.1786889e-01   4.6315887e+00
   1.9507567e+01  -1.4762110e+00   4.6322968e+00
   2.0645979e+01  -8.0883849e-01   4.6345317e+00
   2.1522850e+01  -9.8723923e-01   4.6355207e+00
   1.9505970e+01  -1.4875535e+00   4.6379366e+00
   1.9498030e+01  -1.5007939e+00   4.6440529e+00
   2.1428436e+01  -1.1004416e+00   4.6441799e+00
   2.0790465e+01  -8.2415050e-01   4.6446708e+00
   2.0429048e+01  -4.8677031e-01   4.6472672e+00
   2.0441431e+01  -4.9371382e-01   4.6496849e+00
   2.1439686e+01  -1.1018620e+00   4.6498177e+00
   2.1428351e+01  -1.1241324e+00   4.6541522e+00
   2.1779919e+01  -8.4632404e-01   4.6636807e+00
   2.0403107e+01  -4.9537810e-01   4.6638155e+00
   2.0041680e+01   1.5291265e-01   4.6664781e+00
   2.0560527e+01  -8.2784974e-01   4.6689916e+00
   2.0010644e+01   1.8828425e-01   4.6695795e+00
   1.9488945e+01  -1.5495397e+00   4.6770909e+00
   1.9925511e+01   1.1867884e-01   4.6796025e+00
   2.0385258e+01  -4.7171093e-01   4.6832837e+00
   1.9328483e+01  -1.2869023e+00   4.6861590e+00
   2.0515008e+01  -8.0393631e-01   4.6888761e+00
   1.9244101e+01  -1.0962088e+00   4.6891725e+00
   1.9480131e+01  -1.5799497e+00   4.6891863e+00
   1.9966550e+01   2.0839550e-01   4.6894885e+00
   2.0804973e+01  -8.6296073e-01   4.6904588e+00
   2.0528863e+01  -8.1338883e-01   4.6923800e+00
   2.0821683e+01  -8.2073649e-01   4.6935967e+00
   2.0064754e+01   3.3414017e-01   4.6940943e+00
   1.9912103e+01   1.1730525e-01   4.6957686e+00
   2.1084042e+01   1.1989861e+00   4.6985337e+00
   1.9473330e+01  -1.5943328e+00   4.6999849e+00
   2.0378039e+01  -4.6180685e-01   4.7042915e+00
   2.1739933e+01  -8.3882474e-01   4.7065578e+00
   2.0658220e+01  -8.6185252e-01   4.7155866e+00
   2.1784284e+01  -8.5646566e-01   4.7159924e+00
   2.0349125e+01  -4.5914445e-01   4.7161791e+00
   2.0816419e+01  -8.7614350e-01   4.7164143e+00
   2.0543067e+01  -8.7881306e-01   4.7212111e+00
   2.0817708e+01  -8.8885897e-01   4.7232143e+00
   2.0489256e+01  -8.4203704e-01   4.7235545e+00
   1.9205234e+01  -1.0854665e+00   4.7247716e+00
   1.9325388e+01  -1.3573952e+00   4.7250574e+00
   2.1121267e+01   1.1897938e+00   4.7268716e+00
   2.1814001e+01  -8.5702077e-01   4.7322348e+00
   1.9192826e+01  -1.0875650e+00   4.7325319e+00
   1.9992518e+01   2.3161046e-01   4.7336995e+00
   2.1750447e+01  -9.1335518e-01   4.7369527e+00
   1.9316919e+01  -1.3633972e+00   4.7391387e+00
   2.1814942e+01  -8.4352335e-01   4.7419988e+00
   2.0465347e+01  -8.5746772e-01   4.7476674e+00
   2.1790070e+01  -7.4777761e-01   4.7576430e+00
   2.0451845e+01  -8.7994681e-01   4.7581326e+00
   2.0808497e+01  -9.1235916e-01   4.7587622e+00
   2.1785432e+01  -6.9954517e-01   4.7631960e+00
   1.9158259e+01  -1.0722536e+00   4.7653778e+00
   2.0046860e+01   3.5336683e-01   4.7655219e+00
   1.9818483e+01   1.5758089e-01   4.7686775e+00
   2.1187169e+01   1.2234909e+00   4.7689028e+00
   2.1818214e+01  -6.4018395e-01   4.7694032e+00
   1.9288226e+01  -1.3803266e+00   4.7722160e+00
   1.9147647e+01  -1.0736906e+00   4.7747081e+00
   1.9833165e+01  -3.2591133e-01   4.7796408e+00
   2.1196832e+01   1.2412449e+00   4.7797973e+00
   2.1881678e+01  -9.1019902e-01   4.7889226e+00
   2.0432766e+01  -9.1068658e-01   4.7910203e+00
   1.9741253e+01   9.3158480e-02   4.7911962e+00
   1.9836972e+01   7.4434893e-02   4.7936561e+00
   1.9844042e+01  -3.3517385e-01   4.7959878e+00
   2.0224542e+01  -4.8533316e-01   4.7980990e+00
   2.1900409e+01  -8.9415502e-01   4.7989343e+00
   1.9834275e+01   4.7476328e-02   4.7991044e+00
   1.9136300e+01  -1.0693160e+00   4.7998596e+00
   1.9839352e+01   5.8112731e-02   4.8015163e+00
   2.1751651e+01  -7.1039078e-01   4.8036122e+00
   2.1801323e+01  -9.5420922e-01   4.8073011e+00
   2.0092440e+01   4.6569830e-01   4.8083827e+00
   1.9895823e+01  -3.5460949e-01   4.8089497e+00
   2.0202760e+01  -5.0688569e-01   4.8153030e+00
   1.9263240e+01  -1.3913352e+00   4.8153149e+00
   2.1938559e+01  -8.9862124e-01   4.8164378e+00
   2.1894790e+01  -8.7713497e-01   4.8178229e+00
   1.9841696e+01   5.7737304e-02   4.8180426e+00
   2.0092514e+01   4.8306799e-01   4.8207690e+00
   2.0798762e+01  -9.7261337e-01   4.8213837e+00
   2.0415197e+01  -9.2765521e-01   4.8216023e+00
   2.0407088e+01  -9.4619125e-01   4.8265794e+00
   2.1220894e+01   1.2947805e+00   4.8268654e+00
   2.0824740e+01  -9.6145558e-01   4.8272479e+00
   2.1913287e+01  -8.6156999e-01   4.8318629e+00
   2.0146585e+01  -4.9942399e-01   4.8358212e+00
   2.0040005e+01  -4.3365107e-01   4.8360992e+00
   2.0807240e+01  -9.6902894e-01   4.8411685e+00
   1.9237355e+01  -1.3952207e+00   4.8421353e+00
   2.0394355e+01  -9.6776909e-01   4.8421837e+00
   2.1747021e+01  -9.7027446e-01   4.8421982e+00
   2.0126212e+01   4.8963749e-01   4.8449129e+00
   1.9883752e+01  -4.7778298e-02   4.8458882e+00
   2.0118114e+01  -4.7191838e-01   4.8487793e+00
   1.9323924e+01  -1.4648574e+00   4.8488966e+00
   2.0094624e+01  -4.4482096e-01   4.8539273e+00
   1.9882418e+01  -9.5947159e-02   4.8543402e+00
   1.9246664e+01  -1.4154478e+00   4.8587870e+00
   2.1892952e+01  -9.2468899e-01   4.8599817e+00
   2.1239289e+01   1.3474741e+00   4.8680453e+00
   1.9744031e+01   1.8836520e-02   4.8694515e+00
   2.0812596e+01  -1.0500472e+00   4.8721315e+00
   2.0345820e+01  -1.0218402e+00   4.8769679e+00
   2.0378733e+01  -1.0269778e+00   4.8772797e+00
   2.1186020e+01   1.1231548e-01   4.8793412e+00
   2.1104907e+01   2.3205420e-01   4.8801134e+00
   2.1978848e+01  -8.4270982e-01   4.8810163e+00
   2.0809327e+01  -1.0223922e+00   4.8811442e+00
   1.9233041e+01  -1.4295514e+00   4.8818838e+00
   2.1128128e+01   2.3302379e-01   4.8819540e+00
   2.1125971e+01   2.1102595e-01   4.8830368e+00
   2.0360873e+01  -1.0275989e+00   4.8840121e+00
   2.1331468e+01  -5.6530902e-01   4.8851216e+00
   2.1414938e+01   2.1783692e-01   4.8852168e+00
   2.1420141e+01   1.8851043e-01   4.8872869e+00
   2.1252617e+01   1.3571694e+00   4.8901821e+00
   2.1415947e+01   1.6729597e-01   4.8903911e+00
   2.0681707e+01  -5.6002797e-01   4.8916337e+00
   2.1319395e+01   1.2255210e-01   4.8916460e+00
   2.1327122e+01  -5.5282223e-01   4.8921267e+00
   2.1998809e+01  -8.3541619e-01   4.8926597e+00
   2.1757243e+01  -1.0317748e+00   4.8951515e+00
   2.1420784e+01   1.1900925e-01   4.8984851e+00
   2.2044651e+01  -7.0605279e-01   4.8999910e+00
   2.0767824e+01  -1.0315793e+00   4.9015657e+00
   2.0786852e+01  -1.0379982e+00   4.9024299e+00
   2.0780570e+01  -1.0544733e+00   4.9026729e+00
   2.0094464e+01   5.8618031e-01   4.9027430e+00
   2.0371243e+01  -1.0297977e+00   4.9029615e+00
   2.1261249e+01   6.5496786e-02   4.9031003e+00
   1.9638488e+01   6.5830705e-02   4.9038795e+00
   2.2079394e+01  -7.6610262e-01   4.9054539e+00
   1.9679038e+01   2.2386140e-02   4.9068233e+00
   2.1297249e+01   1.2302700e-01   4.9076091e+00
   1.9230574e+01  -1.4228121e+00   4.9089046e+00
   2.2033676e+01  -9.0563340e-01   4.9091287e+00
   2.1256178e+01   3.0486864e-02   4.9095000e+00
   2.0792441e+01  -1.0307741e+00   4.9099215e+00
   2.0352594e+01  -1.0654093e+00   4.9106524e+00
   2.2072710e+01  -8.0215416e-01   4.9114941e+00
   2.0375580e+01  -1.0904267e+00   4.9142903e+00
   2.1408195e+01   8.6585537e-02   4.9160983e+00
   2.1241749e+01   1.3923210e+00   4.9176392e+00
   2.1233506e+01  -3.8158160e-01   4.9180577e+00
   1.9990844e+01  -4.1320412e-01   4.9205064e+00
   2.0087152e+01   5.9461693e-01   4.9214262e+00
   2.0093083e+01   6.2252575e-01   4.9230725e+00
   2.1236920e+01  -3.5756857e-01   4.9240635e+00
   2.1284485e+01  -9.7599478e-02   4.9264585e+00
   2.1256225e+01   1.3752145e+00   4.9272270e+00
   2.1270633e+01  -3.8819179e-01   4.9283735e+00
   2.1135038e+01   4.8044549e-02   4.9311162e+00
   2.1275988e+01   1.3925162e+00   4.9313507e+00
   2.1333593e+01  -4.3934010e-01   4.9344911e+00
   2.1302402e+01   3.3135109e-03   4.9354197e+00
   2.2070060e+01  -6.6087919e-01   4.9366479e+00
   2.1230336e+01  -1.9143424e-01   4.9375654e+00
   2.2074957e+01  -8.1598886e-01   4.9380605e+00
   2.0085745e+01   6.2531046e-01   4.9411627e+00
   2.1967933e+01  -9.3470832e-01   4.9422635e+00
   1.9583791e+01   4.9823507e-02   4.9426045e+00
   2.2035305e+01  -1.0494438e+00   4.9434882e+00
   2.2078145e+01  -6.4186133e-01   4.9457371e+00
   2.2062799e+01  -6.4751778e-01   4.9470219e+00
   2.1290392e+01  -3.2708970e-01   4.9489781e+00
   2.1286882e+01  -4.0197029e-01   4.9527639e+00
   2.2111280e+01  -6.2796172e-01   4.9530351e+00
   2.1212369e+01   1.0767676e-02   4.9533540e+00
   2.1330615e+01  -1.1205741e-01   4.9541163e+00
   2.1320069e+01   1.3799601e+00   4.9573384e+00
   2.1267037e+01  -2.6955595e-01   4.9576755e+00
   2.1703729e+01  -1.0971262e+00   4.9581554e+00
   2.1286963e+01   1.4065710e+00   4.9592790e+00
   2.0090290e+01   6.4054222e-01   4.9633445e+00
   2.2138444e+01  -5.9400847e-01   4.9657895e+00
   2.1280335e+01  -1.9573134e-01   4.9662911e+00
   2.2132387e+01  -5.8620773e-01   4.9724777e+00
   2.1687485e+01  -1.1128469e+00   4.9730579e+00
   2.2110542e+01  -5.7639679e-01   4.9749425e+00
   2.2151260e+01  -5.7363668e-01   4.9783460e+00
   1.9942829e+01  -3.5545524e-01   4.9807153e+00
   1.9546467e+01   3.3885969e-02   4.9834420e+00
   2.1213278e+01  -1.6737374e-01   4.9894006e+00
   2.1628231e+01  -1.1450837e+00   4.9894678e+00
   2.2150592e+01  -5.6207056e-01   4.9902766e+00
   1.9531592e+01   3.9197449e-02   4.9932532e+00
   1.9917953e+01  -3.5988320e-01   4.9940140e+00
   1.9931831e+01  -3.7858601e-01   4.9960504e+00
   2.1625319e+01  -1.1540158e+00   5.0008689e+00
   2.1291975e+01  -2.9462481e-01   5.0060089e+00
   2.1239675e+01  -1.5916856e-01   5.0093364e+00
   2.2122884e+01  -8.8938456e-01   5.0099709e+00
   2.2095070e+01  -9.5743314e-01   5.0142370e+00
   1.9493095e+01   4.9107868e-02   5.0199772e+00
   2.1341651e+01  -2.1018857e-01   5.0201238e+00
   2.1165950e+01  -1.3769801e-01   5.0251213e+00
   1.9488171e+01   4.2055421e-02   5.0259394e+00
   2.0106657e+01   6.9045900e-01   5.0264841e+00
   2.2117360e+01  -9.0457309e-01   5.0319994e+00
   2.0803414e+01  -6.0572123e-01   5.0347118e+00
   2.0112417e+01   7.1536832e-01   5.0354705e+00
   1.9882927e+01  -3.2214350e-01   5.0380801e+00
   2.1044012e+01  -2.7683312e-02   5.0411298e+00
   1.9869889e+01  -4.2058142e-01   5.0498846e+00
   1.9870828e+01  -4.6164770e-01   5.0519052e+00
   2.0860372e+01  -6.3417945e-01   5.0550420e+00
   2.1373585e+01  -1.2572637e-01   5.0561656e+00
   2.1369601e+01  -1.4750584e-01   5.0572244e+00
   2.1021482e+01  -1.5680886e-01   5.0766103e+00
   1.9435185e+01   3.5398256e-02   5.0800074e+00
   1.9889416e+01  -2.1741881e-01   5.0823909e+00
   2.1031313e+01  -1.7326043e-01   5.0849432e+00
   1.9862524e+01  -1.5821232e-01   5.0851440e+00
   1.9854762e+01  -2.1506583e-01   5.0856362e+00
   1.9840567e+01  -1.3657493e-01   5.0858772e+00
   1.9840447e+01  -1.0484371e-01   5.0869847e+00
   2.0116126e+01   7.6105059e-01   5.0916393e+00
   1.9858302e+01  -1.0847560e-01   5.0923637e+00
   2.1027378e+01  -1.8405022e-01   5.0958551e+00
   1.9838587e+01  -3.1552767e-01   5.0959681e+00
   1.9838342e+01  -3.7052875e-01   5.0990955e+00
   1.9804362e+01  -3.4905002e-01   5.1105337e+00
   2.0996956e+01  -2.4466045e-01   5.1129255e+00
   2.1430843e+01  -2.0368698e-01   5.1199026e+00
   1.9394634e+01   2.1201437e-02   5.1204712e+00
   2.2174569e+01  -9.1387215e-01   5.1215903e+00
   1.9815968e+01  -3.7540123e-01   5.1264801e+00
   1.9381908e+01   4.0833587e-02   5.1270540e+00
   2.0111742e+01   7.7538585e-01   5.1280538e+00
   2.2182141e+01  -8.6933849e-01   5.1349360e+00
   2.0128175e+01   7.9749735e-01   5.1357264e+00
   2.0959345e+01  -3.2819541e-01   5.1360768e+00
   2.0766194e+01  -5.5874849e-01   5.1368924e+00
   2.1445337e+01  -1.9390152e-01   5.1378813e+00
   2.0939254e+01  -3.5724567e-01   5.1478569e+00
   2.1008599e+01  -2.2473517e-01   5.1563848e+00
   1.9738608e+01  -4.5347412e-01   5.1652723e+00
   1.9747889e+01  -5.5769114e-01   5.1704072e+00
   1.9351909e+01   9.3754072e-03   5.1706753e+00
   1.9747395e+01  -4.9128033e-01   5.1713693e+00
   1.9761836e+01  -5.7570324e-01   5.1740694e+00
   2.0128151e+01   8.2809887e-01   5.1752138e+00
   1.9770033e+01  -6.1628514e-01   5.1837053e+00
   2.0957228e+01  -3.0896488e-01   5.1870599e+00
   1.9733196e+01  -5.8138037e-01   5.1885198e+00
   2.2209127e+01  -8.6402963e-01   5.1987620e+00
   2.0133814e+01   8.4022485e-01   5.2034678e+00
   1.9300448e+01   2.9254285e-02   5.2038529e+00
   2.0937465e+01  -2.5465116e-01   5.2061401e+00
   1.9706932e+01  -3.3584744e-01   5.2086420e+00
   1.9676807e+01  -6.2447564e-01   5.2135179e+00
   1.9313212e+01   1.9786268e-02   5.2135259e+00
   2.2227536e+01  -8.5832492e-01   5.2177589e+00
   2.2229231e+01  -8.4472879e-01   5.2178472e+00
   2.0136864e+01   8.4955681e-01   5.2209927e+00
   2.0132456e+01   8.7168227e-01   5.2241104e+00
   1.9632539e+01  -3.6374348e-01   5.2249074e+00
   2.0913503e+01  -3.1670733e-01   5.2257262e+00
   2.1607679e+01  -1.7914701e-01   5.2258157e+00
   2.2222847e+01  -8.6214859e-01   5.2284792e+00
   2.1531064e+01  -1.7717839e-01   5.2318333e+00
   2.0783661e+01  -5.0681856e-01   5.2320057e+00
   2.0817656e+01  -4.5422339e-01   5.2383355e+00
   1.9671328e+01  -2.9892614e-01   5.2450675e+00
   2.0466716e+01  -1.1700857e+00   5.2466446e+00
   1.9226382e+01  -1.9467500e-03   5.2490216e+00
   2.1635419e+01  -1.6686728e-01   5.2496911e+00
   2.0148625e+01   8.8289148e-01   5.2511344e+00
   1.9630853e+01  -3.0217760e-01   5.2517429e+00
   2.0857173e+01  -2.5124828e-01   5.2517578e+00
   2.0923551e+01  -3.1124229e-01   5.2542775e+00
   2.0893999e+01  -6.7305996e-02   5.2551203e+00
   2.1670815e+01  -2.1477887e-01   5.2554084e+00
   2.0682529e+01  -6.3047250e-01   5.2566487e+00
   2.1671394e+01  -1.9881604e-01   5.2595056e+00
   2.0457074e+01  -1.1790672e+00   5.2608085e+00
   2.1681842e+01  -1.8981848e-01   5.2618664e+00
   2.0462018e+01  -1.1666691e+00   5.2646668e+00
   2.0171916e+01   8.9607180e-01   5.2680981e+00
   2.0903583e+01  -2.3865575e-02   5.2721231e+00
   2.0920560e+01  -2.3286209e-02   5.2786215e+00
   2.0836122e+01  -4.2416353e-01   5.2818585e+00
   2.0486294e+01  -1.1376938e+00   5.2983274e+00
   2.1702308e+01  -1.1279885e-01   5.2984935e+00
   2.0884380e+01  -1.7897665e-01   5.2985294e+00
   2.0208832e+01   8.8698677e-01   5.3000494e+00
   2.0174146e+01   8.9013453e-01   5.3009587e+00
   2.0828903e+01  -5.9882986e-01   5.3028925e+00
   2.0895112e+01  -1.7630799e-01   5.3053428e+00
   2.0852785e+01  -3.2685570e-01   5.3059360e+00
   1.9578458e+01  -3.4702517e-01   5.3094375e+00
   1.9598883e+01  -2.8881027e-01   5.3148412e+00
   1.9548368e+01  -3.0858463e-01   5.3194351e+00
   2.0509334e+01  -1.1235584e+00   5.3194414e+00
   2.0776137e+01  -3.6619694e-01   5.3222929e+00
   2.2297251e+01  -8.1842843e-01   5.3240179e+00
   2.1737372e+01  -9.4708059e-02   5.3280849e+00
   2.1732096e+01  -1.0330489e-01   5.3296859e+00
   1.9513754e+01  -2.6806168e-01   5.3323132e+00
   1.9527947e+01  -2.8631182e-01   5.3332608e+00
   2.0592972e+01  -1.0148488e+00   5.3338722e+00
   2.2298209e+01  -8.2150459e-01   5.3345597e+00
   2.0961803e+01  -1.2709487e+00   5.3370610e+00
   2.0536186e+01  -1.0553378e+00   5.3383687e+00
   1.9543969e+01  -3.2093597e-01   5.3391360e+00
   2.1738946e+01  -9.2436916e-02   5.3412338e+00
   1.9518685e+01  -2.7568818e-01   5.3448332e+00
   2.0629698e+01  -6.6023906e-01   5.3462085e+00
   2.2317320e+01  -8.1670218e-01   5.3490340e+00
   2.2300050e+01  -8.1439595e-01   5.3509014e+00
   2.0622284e+01  -6.4701189e-01   5.3510038e+00
   2.0536842e+01  -1.0604472e-01   5.3548750e+00
   2.0608371e+01  -9.4866355e-01   5.3557362e+00
   2.2313175e+01  -8.1292036e-01   5.3579795e+00
   2.1768115e+01  -1.1382340e-01   5.3593294e+00
   2.0955519e+01  -1.2689415e+00   5.3631460e+00
   2.1751895e+01  -7.5173792e-02   5.3633974e+00
   1.9490156e+01  -3.1486215e-01   5.3656895e+00
   2.0621971e+01  -9.7066723e-01   5.3660379e+00
   2.0685189e+01  -9.3573612e-01   5.3799373e+00
   2.0899354e+01  -5.7234257e-01   5.3832139e+00
   2.0570627e+01  -7.4101788e-01   5.3866710e+00
   2.1786637e+01  -4.2782045e-02   5.3902762e+00
   2.1331612e+01  -1.0340423e+00   5.3902763e+00
   2.0613996e+01  -1.0424621e+00   5.3914287e+00
   2.0645443e+01  -3.3610367e-01   5.3970747e+00
   2.0544770e+01  -7.1189848e-01   5.4118611e+00
   2.0919688e+01  -1.2377482e+00   5.4133416e+00
   2.0588934e+01  -6.8221141e-01   5.4149344e+00
   2.0560275e+01  -7.0358028e-01   5.4176146e+00
   2.1253911e+01  -7.5396267e-01   5.4197794e+00
   2.1815688e+01  -2.4403583e-02   5.4212509e+00
   2.0125488e+01  -7.9779925e-01   5.4230850e+00
   1.9472239e+01  -3.9786192e-01   5.4236801e+00
   2.0596788e+01  -2.7088297e-01   5.4256629e+00
   1.9475490e+01  -2.8757366e-01   5.4285718e+00
   2.0128485e+01  -8.1599846e-01   5.4319443e+00
   2.0692838e+01  -1.0079373e+00   5.4325665e+00
   2.0775027e+01  -4.3073285e-01   5.4327690e+00
   2.0148811e+01  -8.0165363e-01   5.4331165e+00
   2.0273949e+01  -3.9340633e-01   5.4338022e+00
   2.0649827e+01  -1.0417787e+00   5.4341709e+00
   1.9471522e+01  -2.3324761e-01   5.4381421e+00
   2.0694027e+01  -1.0367580e+00   5.4381622e+00
   2.0903804e+01  -1.2221985e+00   5.4420811e+00
   2.0294781e+01  -3.8048134e-01   5.4452017e+00
   2.0613595e+01  -1.0792053e+00   5.4480218e+00
   2.0711286e+01   2.4949403e-02   5.4489368e+00
   2.0897100e+01  -1.2127043e+00   5.4491295e+00
   2.0633768e+01  -2.0844774e-01   5.4533294e+00
   2.0523070e+01  -6.7442392e-01   5.4573899e+00
   1.9450374e+01  -2.5970842e-01   5.4627503e+00
   1.9462921e+01  -4.2544292e-01   5.4663537e+00
   2.0178163e+01  -8.0577226e-01   5.4687474e+00
   2.0751057e+01   8.8744833e-02   5.4723190e+00
   2.1881203e+01   2.0531494e-02   5.4728341e+00
   2.0714706e+01   4.7803381e-02   5.4776354e+00
   2.0357077e+01  -3.4115667e-01   5.4784340e+00
   2.0709049e+01   2.2130765e-02   5.4792315e+00
   2.0627208e+01  -1.0802896e+00   5.4795792e+00
   2.1854721e+01   1.2475493e-01   5.4796079e+00
   2.0486787e+01  -6.8715631e-01   5.4798115e+00
   2.1887678e+01   4.5308700e-02   5.4799578e+00
   2.0722548e+01  -1.0404836e+00   5.4804234e+00
   2.0874517e+01  -1.1870138e+00   5.4821751e+00
   2.0502358e+01  -2.6797484e-01   5.4853797e+00
   2.0753119e+01   6.4242702e-02   5.4863446e+00
   2.0706214e+01   8.0088867e-03   5.4868164e+00
   1.9456052e+01  -2.1455617e-01   5.4888383e+00
   2.0857880e+01  -1.1647755e+00   5.4907608e+00
   2.1043210e+01  -6.8124036e-01   5.4956802e+00
   2.0614297e+01  -1.0998686e+00   5.4988724e+00
   2.0514869e+01  -2.2167181e-01   5.4999611e+00
   2.0225096e+01  -7.8744957e-01   5.5018913e+00
   1.9440645e+01  -1.7019102e-01   5.5034907e+00
   2.0660658e+01  -6.0922246e-02   5.5049876e+00
   2.1099282e+01  -7.9065883e-01   5.5066321e+00
   2.0650607e+01  -7.5248850e-02   5.5068549e+00
   2.1926149e+01   5.6613404e-02   5.5091636e+00
   2.0635865e+01  -1.1090382e+00   5.5097429e+00
   2.0702267e+01  -3.6683022e-01   5.5110105e+00
   2.0581945e+01  -1.2024429e-01   5.5117358e+00
   2.0287225e+01  -7.0771785e-01   5.5129886e+00
   1.9489154e+01  -4.2152366e-01   5.5135736e+00
   2.1903369e+01   5.3384873e-02   5.5170596e+00
   2.1932656e+01   1.0219262e-01   5.5213328e+00
   2.0417453e+01  -3.0727737e-01   5.5223719e+00
   2.0399736e+01  -7.3932864e-01   5.5229831e+00
   2.0598931e+01  -1.3462780e-01   5.5246080e+00
   2.1106197e+01  -6.3722218e-01   5.5299933e+00
   1.9448394e+01  -2.2017804e-01   5.5308137e+00
   2.0711669e+01  -1.1648160e+00   5.5322817e+00
   2.0330226e+01  -7.3142419e-01   5.5351202e+00
   2.1159419e+01  -5.6625832e-01   5.5395376e+00
   2.0747377e+01  -1.3436766e+00   5.5408471e+00
   2.0458454e+01  -2.8513055e-01   5.5417554e+00
   2.1949538e+01   1.1407170e-01   5.5426035e+00
   2.1108995e+01  -6.8013925e-01   5.5427957e+00
   2.0603713e+01  -2.7830391e-01   5.5429790e+00
   2.1131382e+01  -7.2126712e-01   5.5450508e+00
   2.0547012e+01  -2.1788010e-01   5.5460251e+00
   2.1136280e+01  -5.4461751e-01   5.5480049e+00
   2.1140627e+01  -4.9287244e-01   5.5484816e+00
   2.0425166e+01  -7.2567074e-01   5.5502955e+00
   2.0737511e+01  -1.3393445e+00   5.5510728e+00
   2.1061553e+01  -6.2919454e-01   5.5559798e+00
   2.0719763e+01  -1.3151557e+00   5.5600242e+00
   2.0389269e+01  -5.8700935e-01   5.5612697e+00
   2.1940029e+01   1.3193258e-01   5.5632464e+00
   2.1132388e+01  -6.7461210e-01   5.5633455e+00
   2.1131047e+01  -5.6859203e-01   5.5659525e+00
   2.1321458e+01  -2.4059724e-01   5.5701978e+00
   2.1302876e+01  -3.0596045e-01   5.5717238e+00
   2.1317508e+01  -3.1021620e-01   5.5723632e+00
   2.1157031e+01  -7.6317752e-01   5.5729020e+00
   2.0422022e+01  -7.5282164e-01   5.5787328e+00
   2.1264550e+01  -3.6279381e-01   5.5791907e+00
   2.1296461e+01  -2.9115836e-01   5.5792242e+00
   2.1294963e+01  -3.3883370e-01   5.5797057e+00
   2.1206393e+01  -4.9618549e-01   5.5817143e+00
   2.1186432e+01  -5.0434105e-01   5.5826297e+00
   1.9504521e+01  -1.9725251e-01   5.5830518e+00
   2.1246044e+01  -4.2119454e-01   5.5951044e+00
   2.0422923e+01  -8.0531411e-01   5.5964273e+00
   2.1254677e+01  -4.0629939e-01   5.5975536e+00
   2.1229567e+01  -5.2336211e-01   5.6007367e+00
   2.0402070e+01  -5.2796735e-01   5.6052268e+00
   2.1213204e+01  -5.0465108e-01   5.6108519e+00
   2.0416362e+01  -8.3839107e-01   5.6146268e+00
   2.0532642e+01  -5.5079688e-02   5.6170569e+00
   2.0584887e+01  -1.1675457e+00   5.6170925e+00
   2.0602182e+01  -1.1933020e+00   5.6192783e+00
   1.9459271e+01  -2.0668111e-01   5.6215934e+00
   2.2001582e+01   1.0908560e-01   5.6239226e+00
   2.0460897e+01  -1.5026312e-01   5.6246633e+00
   2.0584646e+01  -1.2212383e+00   5.6280666e+00
   2.0395795e+01  -8.3827084e-01   5.6321814e+00
   2.0598253e+01  -1.2171418e+00   5.6391659e+00
   2.0413864e+01  -9.0907196e-01   5.6498041e+00
   2.0457932e+01  -1.3350179e-01   5.6574656e+00
   2.0425511e+01  -1.2652149e-01   5.6581255e+00
   2.2019720e+01   1.7250237e-01   5.6621269e+00
   2.0403904e+01  -9.6333642e-01   5.6653031e+00
   2.0337250e+01  -7.8835779e-01   5.6656762e+00
   2.0397629e+01  -1.0371904e+00   5.6674134e+00
   2.0398548e+01  -1.0503380e+00   5.6694399e+00
   2.0554664e+01  -1.2227096e+00   5.6738582e+00
   2.2031104e+01   1.8123151e-01   5.6783679e+00
   2.0573663e+01  -1.2656866e+00   5.6810177e+00
   2.0785372e+01  -5.8827456e-01   5.6832621e+00
   2.0371195e+01  -1.0436808e+00   5.6877547e+00
   2.0415792e+01  -5.9859066e-02   5.6884619e+00
   2.2051809e+01   1.8846108e-01   5.6954284e+00
   2.0543541e+01  -1.2883720e+00   5.7040209e+00
   2.0375627e+01  -1.1070647e-01   5.7143807e+00
   2.0535188e+01  -1.2967951e+00   5.7171194e+00
   2.0303545e+01  -9.0555709e-01   5.7175480e+00
   2.0297475e+01  -8.7520638e-01   5.7176591e+00
   2.0352102e+01  -8.5295530e-01   5.7186431e+00
   2.0534579e+01  -1.3079286e+00   5.7197633e+00
   2.0256951e+01  -7.6849173e-01   5.7235674e+00
   2.2084596e+01   2.1761760e-01   5.7238191e+00
   2.2085608e+01   2.4564441e-01   5.7282661e+00
   2.0170219e+01  -1.5912484e-01   5.7320163e+00
   2.0358632e+01  -5.3055789e-02   5.7354511e+00
   2.0509984e+01  -1.3333681e+00   5.7370797e+00
   2.2117768e+01   2.4685249e-01   5.7381327e+00
   2.2105251e+01   2.2619818e-01   5.7384362e+00
   2.0152107e+01  -1.7976199e-01   5.7386945e+00
   2.0663950e+01  -6.0122435e-01   5.7390403e+00
   2.0225616e+01  -1.6676265e-01   5.7402331e+00
   2.2119971e+01   2.3759251e-01   5.7451328e+00
   2.0356785e+01   9.5755384e-04   5.7470450e+00
   2.0152518e+01  -1.9869803e-01   5.7472927e+00
   2.0507236e+01  -1.3458637e+00   5.7540872e+00
   2.0503925e+01   1.0364729e-01   5.7688911e+00
   2.1304299e+01  -8.7878537e-01   5.7689439e+00
   2.0532339e+01   1.3306281e-01   5.7716132e+00
   2.0320291e+01  -9.7379802e-02   5.7719129e+00
   2.0489159e+01   7.7042060e-02   5.7736379e+00
   2.1316767e+01  -8.6143821e-01   5.7781840e+00
   2.0215080e+01  -7.1751651e-01   5.7817207e+00
   2.0467111e+01  -1.4442249e+00   5.7854944e+00
   2.0437550e+01  -1.4251396e+00   5.7903482e+00
   2.0455584e+01  -1.4610437e+00   5.7909858e+00
   2.0602144e+01   1.9314642e-01   5.7914542e+00
   2.0330078e+01   3.2839477e-03   5.7985964e+00
   2.0715129e+01  -1.5720548e+00   5.8009489e+00
   2.0563627e+01   2.6480544e-01   5.8044926e+00
   2.0249404e+01  -7.7351836e-01   5.8045144e+00
   2.0227050e+01  -7.6618611e-01   5.8097113e+00
   2.0738907e+01  -1.5816852e+00   5.8098932e+00
   2.0158829e+01  -7.1536874e-01   5.8151975e+00
   2.0176070e+01  -7.5532530e-01   5.8152225e+00
   2.0437949e+01  -1.5437590e+00   5.8169757e+00
   2.0201025e+01  -7.4518016e-01   5.8208517e+00
   2.0348875e+01   2.9807750e-02   5.8266998e+00
   2.0342864e+01  -2.4655241e-02   5.8285953e+00
   2.0416607e+01  -1.4739015e+00   5.8302147e+00
   2.0228020e+01  -1.4071223e-01   5.8325164e+00
   2.0134726e+01  -7.0165978e-01   5.8382694e+00
   2.1406604e+01  -7.5014150e-01   5.8414615e+00
   2.0392418e+01  -1.5566744e+00   5.8482006e+00
   2.0743004e+01  -5.8397825e-01   5.8517324e+00
   2.0129225e+01  -6.5734670e-01   5.8531933e+00
   2.0495260e+01   2.4020066e-01   5.8566869e+00
   2.1403720e+01  -7.1310789e-01   5.8611866e+00
   2.0317012e+01   1.3064870e-01   5.8746667e+00
   2.0236945e+01   3.2916337e-02   5.8752035e+00
   2.1443243e+01  -7.7342427e-01   5.8768319e+00
   2.0489290e+01   2.6634627e-01   5.8772603e+00
   2.1459087e+01  -7.1963878e-01   5.8787791e+00
   2.1590435e+01  -6.4802274e-01   5.8855919e+00
   2.0164942e+01  -6.2826073e-02   5.8860261e+00
   2.1536649e+01  -6.7912474e-01   5.8893703e+00
   2.0397305e+01   2.0439920e-01   5.8897585e+00
   2.0350929e+01   1.9554231e-01   5.8922554e+00
   2.0344141e+01  -1.6012223e+00   5.8952416e+00
   2.0055148e+01  -6.4844123e-01   5.8955869e+00
   2.1433112e+01  -7.5896598e-01   5.8961433e+00
   2.0420693e+01   2.4899242e-01   5.8973454e+00
   2.1459485e+01  -7.4950821e-01   5.8994228e+00
   2.0440386e+01   2.9452354e-01   5.9035588e+00
   2.0323564e+01  -1.5488344e+00   5.9053862e+00
   2.0333393e+01  -1.6228406e+00   5.9061693e+00
   2.0445519e+01  -1.7299292e+00   5.9065026e+00
   2.0189682e+01   1.8263873e-01   5.9069658e+00
   2.1430548e+01  -7.8080111e-01   5.9072619e+00
   2.1475267e+01  -7.5519805e-01   5.9136720e+00
   2.0427695e+01  -1.7075131e+00   5.9151424e+00
   1.9946315e+01  -6.7017039e-01   5.9160527e+00
   2.0329164e+01  -1.6297918e+00   5.9166666e+00
   2.0326067e+01  -1.6414151e+00   5.9184946e+00
   1.9942225e+01  -6.7971424e-01   5.9185093e+00
   2.0727073e+01  -6.8405289e-01   5.9216310e+00
   2.1466613e+01  -7.9723074e-01   5.9234679e+00
   2.0249717e+01   1.7010264e-01   5.9245032e+00
   2.1428393e+01  -8.6087743e-01   5.9300835e+00
   2.0368116e+01  -1.6819191e+00   5.9343766e+00
   2.0153754e+01   2.0749907e-01   5.9346310e+00
   2.0031513e+01  -5.9819834e-01   5.9354100e+00
   2.0761212e+01  -6.9718565e-01   5.9373428e+00
   2.0697403e+01  -1.2539136e+00   5.9424949e+00
   2.0173148e+01   2.0084494e-01   5.9436672e+00
   2.0498987e+01   3.2857417e-01   5.9475310e+00
   1.9998507e+01  -5.7932659e-01   5.9499381e+00
   2.0733550e+01  -7.1295950e-01   5.9525638e+00
   2.0683922e+01  -1.2476357e+00   5.9529842e+00
   2.0430365e+01  -1.7264511e+00   5.9578801e+00
   2.0238386e+01  -1.5677790e+00   5.9581661e+00
   2.0656490e+01  -1.1829121e+00   5.9608259e+00
   2.0239811e+01  -1.6434339e+00   5.9612269e+00
   2.0699769e+01  -1.1519147e+00   5.9622504e+00
   2.0270910e+01  -1.6689809e+00   5.9679792e+00
   2.0154148e+01   2.4008178e-01   5.9726328e+00
   2.0825858e+01  -4.8715197e-01   5.9726388e+00
   2.0819824e+01  -5.0512612e-01   5.9728114e+00
   2.0254269e+01  -1.6319946e+00   5.9728935e+00
   2.0704028e+01  -1.1397860e+00   5.9755054e+00
   2.0784380e+01  -3.0578592e-01   5.9762823e+00
   2.0108803e+01   2.4098964e-01   5.9770435e+00
   2.0703951e+01  -1.1215010e+00   5.9786211e+00
   2.0199791e+01  -1.4478785e-01   5.9808591e+00
   2.0255338e+01  -1.6758371e+00   5.9884951e+00
   2.0799146e+01  -9.0362696e-01   5.9904548e+00
   2.0724909e+01  -1.0211997e+00   5.9906670e+00
   2.0778881e+01  -9.2073115e-01   5.9930261e+00
   2.0744092e+01  -1.0096101e+00   5.9952279e+00
   2.0732085e+01  -1.0730299e+00   5.9957944e+00
   2.0765369e+01  -8.9321708e-01   5.9971602e+00
   2.0722768e+01  -1.0453585e+00   5.9989512e+00
   2.0233032e+01  -1.6766595e+00   5.9993415e+00
   2.0824447e+01  -3.7437219e-01   5.9997683e+00
   2.0775357e+01  -8.3610920e-01   6.0019454e+00
   2.0126070e+01   2.9307156e-01   6.0095720e+00
   1.9940820e+01  -5.5335751e-01   6.0117460e+00
   2.0761985e+01  -9.6601744e-01   6.0137777e+00
   2.0024665e+01   1.8853923e-01   6.0202029e+00
   2.0703558e+01  -7.7782333e-01   6.0242341e+00
   2.0855305e+01  -4.3090259e-01   6.0246964e+00
   2.0758716e+01  -5.8754171e-01   6.0255746e+00
   2.0255206e+01  -1.6759048e+00   6.0258684e+00
   2.1541916e+01  -8.8843494e-01   6.0362769e+00
   2.0789391e+01  -5.2027739e-01   6.0466763e+00
   1.9962775e+01  -5.0250326e-01   6.0478107e+00
   2.1564938e+01  -9.0858326e-01   6.0481332e+00
   2.0677315e+01  -8.0081236e-01   6.0564885e+00
   2.0927722e+01  -5.1844398e-01   6.0573079e+00
   2.0137111e+01   3.2617101e-01   6.0604472e+00
   1.9926245e+01  -4.9842130e-01   6.0612807e+00
   2.0076573e+01   3.2903880e-01   6.0742405e+00
   2.0639890e+01  -8.1568732e-01   6.0783376e+00
   2.0933446e+01  -4.7050985e-01   6.0800209e+00
   2.0623909e+01  -7.8660664e-01   6.0842323e+00
   2.0140148e+01  -1.6960970e+00   6.1021929e+00
   2.0140662e+01  -1.7094124e+00   6.1035621e+00
   2.0761645e+01  -5.6450861e-01   6.1045540e+00
   2.0898354e+01  -2.9872599e-01   6.1054250e+00
   2.0918049e+01  -3.2683930e-01   6.1069160e+00
   1.9896171e+01  -4.6758009e-01   6.1075167e+00
   1.9916013e+01  -4.5249741e-01   6.1121043e+00
   2.0124128e+01   4.3435359e-01   6.1141699e+00
   2.0068270e+01   3.5882013e-01   6.1179345e+00
   1.9880533e+01  -4.6793901e-01   6.1201591e+00
   2.0121704e+01  -1.7132065e+00   6.1225595e+00
   2.0115484e+01  -1.7265613e+00   6.1238612e+00
   2.0916338e+01  -3.1926686e-01   6.1239468e+00
   2.1673170e+01  -9.1662979e-01   6.1297538e+00
   2.0545337e+01  -8.0799722e-01   6.1303539e+00
   2.0927780e+01  -2.9579611e-01   6.1312701e+00
   2.0060080e+01   3.8273304e-01   6.1353827e+00
   2.0553634e+01  -7.9647136e-01   6.1361323e+00
   2.0069915e+01   3.8795198e-01   6.1384386e+00
   2.1604359e+01  -8.2102771e-01   6.1385081e+00
   2.1650233e+01  -8.8166620e-01   6.1407552e+00
   2.1632907e+01  -8.6785015e-01   6.1430944e+00
   2.0032030e+01   3.6503285e-01   6.1476781e+00
   2.1048293e+01  -5.1642784e-01   6.1548149e+00
   2.1635570e+01  -8.6545556e-01   6.1578285e+00
   1.9852288e+01  -4.2921731e-01   6.1583647e+00
   2.1660617e+01  -8.7542786e-01   6.1646626e+00
   2.0928891e+01  -2.4361358e-01   6.1674666e+00
   2.1039351e+01  -4.2020447e-01   6.1730110e+00
   2.0968691e+01  -2.6784772e-01   6.1765157e+00
   2.1043336e+01  -5.4834248e-01   6.1799121e+00
   2.1670888e+01  -8.6115680e-01   6.1800388e+00
   2.1648484e+01  -8.3114987e-01   6.1819375e+00
   2.0056769e+01  -1.7795071e+00   6.1827993e+00
   2.0048406e+01  -1.7704637e+00   6.1855006e+00
   2.1078388e+01  -5.2668726e-01   6.1857102e+00
   2.0970927e+01  -2.4750582e-01   6.1884351e+00
   2.0050810e+01  -1.7881761e+00   6.1904242e+00
   1.9836994e+01  -4.0871910e-01   6.1922944e+00
   2.0031562e+01   4.2066408e-01   6.1987762e+00
   2.0456143e+01  -7.9869956e-01   6.2013690e+00
   2.0446350e+01  -8.3479495e-01   6.2040079e+00
   2.0046223e+01  -1.7771224e+00   6.2057097e+00
   2.0447074e+01  -8.5118788e-01   6.2067199e+00
   2.1792909e+01  -9.1557581e-01   6.2079907e+00
   2.1128342e+01  -6.6755338e-01   6.2105941e+00
   2.1120435e+01  -6.7825998e-01   6.2111792e+00
   2.0951221e+01  -1.8700195e-01   6.2157089e+00
   2.1708982e+01  -8.2236117e-01   6.2183349e+00
   2.0903527e+01  -1.1149871e-01   6.2184343e+00
   2.0024373e+01   4.1963445e-01   6.2191500e+00
   2.1707056e+01  -8.5709422e-01   6.2193382e+00
   2.1028094e+01  -2.2126359e-01   6.2201116e+00
   2.1136843e+01  -6.6349592e-01   6.2204985e+00
   2.0435500e+01  -8.4820737e-01   6.2234241e+00
   2.0422684e+01  -8.5877265e-01   6.2239244e+00
   2.0987662e+01  -1.8664206e-01   6.2247660e+00
   2.1133968e+01  -5.9200281e-01   6.2283964e+00
   2.1156941e+01  -6.8819482e-01   6.2285752e+00
   1.9823420e+01  -3.6670449e-01   6.2300313e+00
   2.1149451e+01  -5.8293323e-01   6.2322348e+00
   2.1725102e+01  -8.1723425e-01   6.2358591e+00
   2.0731363e+01  -6.4214588e-01   6.2372405e+00
   2.1715878e+01  -7.9585627e-01   6.2384550e+00
   2.0362675e+01  -9.3657330e-01   6.2387659e+00
   2.0871160e+01  -7.0612371e-02   6.2387708e+00
   2.0749879e+01  -5.7447158e-01   6.2394804e+00
   2.0983483e+01  -1.2089927e-01   6.2399230e+00
   2.1090333e+01  -3.3486948e-01   6.2406298e+00
   2.1145105e+01  -7.9270651e-01   6.2434323e+00
   2.0307487e+01  -1.0035098e+00   6.2448812e+00
   2.0996516e+01  -1.4253351e-01   6.2529075e+00
   2.0854678e+01  -3.0753814e-02   6.2533545e+00
   2.1164513e+01  -8.2981284e-01   6.2595307e+00
   2.0010765e+01   4.6281671e-01   6.2622889e+00
   2.0824126e+01  -7.4581243e-04   6.2626948e+00
   2.1173434e+01  -8.1585869e-01   6.2662162e+00
   2.0837960e+01   3.0606034e-02   6.2681043e+00
   2.1179354e+01  -8.4755946e-01   6.2687603e+00
   2.0828013e+01   4.0733752e-02   6.2717588e+00
   2.0328080e+01  -9.4708696e-01   6.2748576e+00
   2.1203633e+01  -4.8837555e-01   6.2776361e+00
   2.0325236e+01  -9.7771336e-01   6.2780373e+00
   2.1193942e+01  -8.4764829e-01   6.2811815e+00
   2.0308577e+01  -1.0103730e+00   6.2832982e+00
   2.0343770e+01  -9.2904058e-01   6.2835992e+00
   2.0302227e+01  -1.0226562e+00   6.2882874e+00
   2.0318950e+01  -1.0622324e+00   6.2904158e+00
   2.1105211e+01  -2.0908079e-01   6.2912817e+00
   2.1240224e+01  -4.5539475e-01   6.2972484e+00
   2.0737960e+01  -4.4987072e-01   6.2973863e+00
   2.1720775e+01  -7.6251532e-01   6.2980877e+00
   2.0360188e+01  -1.0989574e+00   6.3012675e+00
   2.1059621e+01  -1.8358966e-01   6.3039380e+00
   2.0836190e+01   1.1638471e-02   6.3040525e+00
   2.0232963e+01  -1.0595751e+00   6.3072788e+00
   2.0734402e+01  -5.1500997e-01   6.3074669e+00
   2.0244435e+01  -1.0128549e+00   6.3081261e+00
   2.1823696e+01  -9.9450091e-01   6.3095392e+00
   2.0019789e+01   5.2523318e-01   6.3121344e+00
   2.0730113e+01  -4.3103917e-01   6.3139812e+00
   2.1240849e+01  -3.6021099e-01   6.3227474e+00
   1.9986763e+01   4.9116524e-01   6.3234735e+00
   2.0256120e+01  -9.5069280e-01   6.3239350e+00
   2.1802226e+01  -1.0391812e+00   6.3249877e+00
   2.0233606e+01  -1.0380351e+00   6.3262338e+00
   2.0728754e+01  -4.1258006e-01   6.3288027e+00
   2.0741179e+01  -6.2409729e-01   6.3300320e+00
   2.1227569e+01  -9.5021731e-01   6.3303811e+00
   2.1282717e+01  -4.4952427e-01   6.3316981e+00
   2.1194463e+01  -2.8006709e-01   6.3335251e+00
   2.1274411e+01  -5.1421168e-01   6.3342101e+00
   2.1220764e+01  -9.5761376e-01   6.3353926e+00
   2.1237638e+01  -9.6217491e-01   6.3393560e+00
   2.0184548e+01  -1.0564555e+00   6.3414109e+00
   2.1306132e+01  -4.2753442e-01   6.3484614e+00
   2.0805198e+01  -6.7711514e-01   6.3551057e+00
   2.0128147e+01  -1.1779734e+00   6.3615230e+00
   2.0131142e+01  -1.0962218e+00   6.3674149e+00
   2.1241862e+01  -1.0083589e+00   6.3697356e+00
   1.9972163e+01   5.4917857e-01   6.3734101e+00
   1.9944416e+01   5.1931727e-01   6.3746011e+00
   2.0143349e+01  -1.0649329e+00   6.3785150e+00
   2.0768752e+01  -7.5988589e-01   6.3788812e+00
   2.1337943e+01  -3.8598641e-01   6.3797396e+00
   2.0776462e+01  -8.1656066e-01   6.3819759e+00
   2.1352943e+01  -2.7798723e-01   6.3968600e+00
   2.1363845e+01  -5.1675948e-01   6.4004555e+00
   2.1329880e+01  -3.8245073e-01   6.4061571e+00
   2.0729056e+01  -8.8871469e-01   6.4065843e+00
   2.1347173e+01  -4.1501503e-01   6.4188311e+00
   2.0704604e+01  -7.1591881e-01   6.4236885e+00
   2.1383533e+01  -3.5024887e-01   6.4252684e+00
   1.9972981e+01   5.6276242e-01   6.4271128e+00
   2.0089217e+01  -1.0752842e+00   6.4271581e+00
   2.1372682e+01  -3.4476391e-01   6.4336752e+00
   2.0066036e+01  -1.0999469e+00   6.4352308e+00
   2.0036588e+01  -1.0865334e+00   6.4624135e+00
   2.1888985e+01  -1.1290517e+00   6.4769036e+00
   2.0018741e+01  -1.1136552e+00   6.4799978e+00
   2.1433397e+01  -3.0832005e-01   6.4837342e+00
   2.1432381e+01  -3.5073653e-01   6.4860623e+00
   2.1473308e+01  -2.9580156e-01   6.5280239e+00
   2.1469219e+01  -3.1167528e-01   6.5312727e+00
   1.9973569e+01  -1.1013017e+00   6.5315443e+00
   1.9970277e+01  -1.0775752e+00   6.5380656e+00
   2.0698013e+01  -5.9134783e-01   6.5423663e+00
   2.0666546e+01  -7.7020759e-01   6.5523749e+00
   2.0733520e+01  -6.1369794e-01   6.5548957e+00
   2.0677582e+01  -7.4773897e-01   6.5590701e+00
   2.0672560e+01  -4.1201413e-01   6.5716853e+00
   1.9930696e+01  -1.1005028e+00   6.5817245e+00
   1.9930296e+01  -1.1149590e+00   6.5828053e+00
   2.0833952e+01  -6.0146756e-01   6.5834895e+00
   2.0706402e+01  -8.0304301e-01   6.5841851e+00
   1.9908009e+01  -1.1253996e+00   6.5959799e+00
   2.1525563e+01  -2.8061109e-01   6.5985117e+00
   2.0793049e+01  -8.6417189e-01   6.6146535e+00
   2.0806726e+01  -8.3089416e-01   6.6147254e+00
   2.0672210e+01  -3.9003412e-01   6.6175563e+00
   1.9903890e+01  -1.1061591e+00   6.6185803e+00
   2.0780500e+01  -9.2559995e-01   6.6200317e+00
   1.9870375e+01  -1.1151812e+00   6.6257204e+00
   2.1531580e+01  -2.9676952e-01   6.6267930e+00
   2.0783616e+01  -9.1002187e-01   6.6272790e+00
   2.0675373e+01  -6.7104779e-01   6.6273133e+00
   2.0545792e+01  -5.6835941e-01   6.6393518e+00
   2.0637396e+01  -4.9530268e-01   6.6397454e+00
   1.9890021e+01  -1.0631617e+00   6.6412899e+00
   2.1554989e+01  -2.6523874e-01   6.6438890e+00
   2.0575008e+01  -8.9911249e-01   6.6563871e+00
   2.0891860e+01  -7.4555725e-01   6.6568858e+00
   2.1578277e+01  -2.3930965e-01   6.6803952e+00
   2.0628391e+01  -8.4946895e-01   6.6823723e+00
   2.0708182e+01  -8.1583777e-01   6.6877770e+00
   2.0421369e+01  -5.3445612e-01   6.6924932e+00
   2.0620261e+01  -8.2870032e-01   6.6938672e+00
   2.0653475e+01  -5.4905127e-01   6.6955929e+00
   2.0584811e+01  -8.6624552e-01   6.6969616e+00
   2.0393475e+01  -5.0955729e-01   6.7136206e+00
   2.0605443e+01  -9.1588818e-01   6.7214331e+00
   2.0563229e+01  -9.1115745e-01   6.7242318e+00
   2.0577428e+01  -5.2860130e-01   6.7259076e+00
   2.1604081e+01  -1.9914898e-01   6.7361480e+00
   2.0560106e+01  -9.1992951e-01   6.7383647e+00
   2.0601482e+01  -3.9746968e-01   6.7635477e+00
   2.0544955e+01  -9.4432317e-01   6.7652370e+00
   2.0642997e+01  -5.0747062e-01   6.7768683e+00
   2.0632560e+01  -6.2063064e-01   6.7794442e+00
   2.0530730e+01  -9.8741580e-01   6.7842344e+00
   2.0510843e+01  -1.0068579e+00   6.7970528e+00
   2.0645913e+01  -6.5266820e-01   6.8025874e+00
   2.0334237e+01  -4.4693232e-01   6.8027040e+00
   2.0496224e+01  -3.9711023e-01   6.8075161e+00
   2.0532429e+01  -9.9901189e-01   6.8120054e+00
   2.0309548e+01  -4.3108092e-01   6.8269011e+00
   2.0619492e+01  -4.9583233e-01   6.8303766e+00
   2.0494206e+01  -1.0286973e+00   6.8355488e+00
   2.0607218e+01  -4.0582925e-01   6.8426764e+00
   2.0466605e+01  -3.5750406e-01   6.8448700e+00
   2.0594168e+01  -3.6827384e-01   6.8540733e+00
   2.0280756e+01  -4.2370765e-01   6.8576136e+00
   2.0490152e+01  -1.0374656e+00   6.8579240e+00
   2.0641882e+01  -6.1795274e-01   6.8632795e+00
   2.0578788e+01  -4.5878641e-01   6.8810298e+00
   2.0248833e+01  -3.9745936e-01   6.8816310e+00
   2.0235547e+01  -3.6915281e-01   6.9021606e+00
   2.0461924e+01  -1.0966686e+00   6.9156431e+00
   2.0539509e+01  -2.6480477e-01   6.9205095e+00
   2.0661292e+01  -7.5145595e-01   6.9259960e+00
   2.0563151e+01  -4.7761969e-01   6.9319954e+00
   2.0455341e+01  -1.1256137e+00   6.9330203e+00
   2.0450644e+01  -1.1348190e+00   6.9398555e+00
   2.0539657e+01  -2.5096342e-01   6.9459980e+00
   2.0534772e+01  -2.6743809e-01   6.9488241e+00
   2.0438317e+01  -1.1294955e+00   6.9523343e+00
   2.0484435e+01  -4.8224902e-01   6.9535726e+00
   2.0621283e+01  -4.9126394e-01   6.9543342e+00
   2.0430674e+01  -1.1404835e+00   6.9584043e+00
   2.0215810e+01  -3.1660612e-01   6.9607379e+00
   2.0199203e+01  -2.8515619e-01   6.9619878e+00
   2.0471901e+01  -1.0450752e+00   6.9661776e+00
   2.0703900e+01  -7.3846323e-01   6.9784513e+00
   2.0150389e+01  -2.6859288e-01   6.9798560e+00
   2.0531178e+01  -2.1687298e-01   6.9914499e+00
   2.0417085e+01  -1.1841541e+00   6.9934294e+00
   2.0173716e+01  -2.9500510e-01   7.0074660e+00
   2.0414973e+01  -1.1933466e+00   7.0105475e+00
   2.0518874e+01  -2.1635337e-01   7.0116037e+00
   2.0402149e+01  -1.2031658e+00   7.0152818e+00
   2.0401712e+01  -1.1823214e+00   7.0234115e+00
   2.0717951e+01  -7.8374920e-01   7.0280222e+00
   2.0513108e+01  -2.1140749e-01   7.0287633e+00
   2.0710731e+01  -7.5326894e-01   7.0298467e+00
   2.0574566e+01  -4.3941865e-01   7.0299484e+00
   2.0405894e+01  -1.2287378e+00   7.0379969e+00
   2.0750154e+01  -8.2629533e-01   7.0422852e+00
   2.0562679e+01  -4.2371715e-01   7.0554167e+00
   2.0819964e+01  -8.2802984e-01   7.0561781e+00
   2.0799038e+01  -8.5539236e-01   7.0585918e+00
   2.0697219e+01  -7.4941507e-01   7.0667806e+00
   2.0553188e+01  -4.2942150e-01   7.0675883e+00
   2.0684062e+01  -8.4844898e-01   7.0703458e+00
   2.0361622e+01  -1.2227572e+00   7.0830423e+00
   2.0505555e+01  -1.6791437e-01   7.0943350e+00
   2.0364496e+01  -1.2455328e+00   7.1012319e+00
   2.0572142e+01  -3.8870188e-01   7.1054009e+00
   2.0704125e+01  -7.4222843e-01   7.1120906e+00
   2.0577501e+01  -3.9622065e-01   7.1144217e+00
   2.0373888e+01  -1.2350011e+00   7.1204064e+00
   2.0352837e+01  -1.2592638e+00   7.1256657e+00
   2.0505498e+01  -1.5244087e-01   7.1302168e+00
   2.0515311e+01  -1.3268167e-01   7.1326185e+00
   2.0719734e+01  -8.0427571e-01   7.1336832e+00
   2.0471528e+01  -1.4719247e-01   7.1420135e+00
   2.0495548e+01  -1.2879107e-01   7.1492288e+00
   2.0517480e+01  -1.1245588e-01   7.1561312e+00
   2.0489647e+01  -1.1569132e-01   7.2069537e+00
   2.0703295e+01  -6.7044882e-01   7.2390288e+00
   2.0709435e+01  -5.8472170e-01   7.3166663e+00
   2.0709453e+01  -7.2517547e-01   7.3259884e+00
   2.0719902e+01  -6.2140202e-01   7.3313955e+00
   2.0735302e+01  -5.5708658e-01   7.3402721e+00
   2.0802338e+01  -5.1217521e-01   7.3419048e+00
   2.0812967e+01  -4.8846456e-01   7.3432548e+00
   2.0745480e+01  -5.5467508e-01   7.3508893e+00
   2.0690804e+01  -7.9817054e-01   7.3523988e+00
   2.0828742e+01  -4.7935778e-01   7.3551078e+00
   2.0717132e+01  -4.7255302e-01   7.3803541e+00
   2.0743389e+01  -5.0293862e-01   7.3818625e+00
   2.0855475e+01  -4.3382970e-01   7.3920973e+00
   2.0659324e+01  -6.4664320e-01   7.4075029e+00
   2.0877492e+01  -4.2665643e-01   7.4248671e+00
